  3.0000000e-002  3.4000000e+000
  8.0000000e-002  3.6880000e+000
  1.3000000e-001  4.2320000e+000
  1.8000000e-001  4.1170000e+000
  2.3000000e-001  3.9080000e+000
  2.8000000e-001  3.9630000e+000
  3.3000000e-001  3.8990000e+000
  3.8000000e-001  3.8520000e+000
  4.3000000e-001  3.9370000e+000
  4.8000000e-001  3.7700000e+000
  5.3000000e-001  3.7660000e+000
  5.8000000e-001  3.3860000e+000
  6.3000000e-001  3.2740000e+000
  6.8000000e-001  3.3920000e+000
  7.3000000e-001  3.2240000e+000
  7.8000000e-001  3.3290000e+000
  8.3000000e-001  3.4430000e+000
  8.8000000e-001  3.9630000e+000
  9.3000000e-001  3.0340000e+000
  9.8000000e-001  3.3970000e+000
  1.0300000e+000  4.3880000e+000
  1.0800000e+000  3.6880000e+000
  1.1300000e+000  4.2970000e+000
  1.1800000e+000  4.1380000e+000
  1.2300000e+000  3.3350000e+000
  1.2800000e+000  3.5360000e+000
  1.3300000e+000  3.6230000e+000
  1.3800000e+000  2.8570000e+000
  1.4300000e+000  2.9460000e+000
  1.4800000e+000  3.4440000e+000
  1.5300000e+000  3.6020000e+000
  1.5800000e+000  3.5490000e+000
  1.6300000e+000  3.1260000e+000
  1.6800000e+000  2.9330000e+000
  1.7300000e+000  3.6260000e+000
  1.7800000e+000  3.4960000e+000
  1.8300000e+000  3.8930000e+000
  1.8800000e+000  3.9920000e+000
  1.9300000e+000  4.1310000e+000
  1.9800000e+000  4.1400000e+000
  2.0300000e+000  3.8120000e+000
  2.0800000e+000  3.6790000e+000
  2.1300000e+000  3.1820000e+000
  2.1800000e+000  3.7490000e+000
  2.2300000e+000  3.8580000e+000
  2.2800000e+000  3.4980000e+000
  2.3300000e+000  3.4520000e+000
  2.3800000e+000  3.3430000e+000
  2.4300000e+000  3.4570000e+000
  2.4800000e+000  3.4060000e+000
  2.5300000e+000  3.0700000e+000
  2.5800000e+000  3.2330000e+000
  2.6300000e+000  3.1900000e+000
  2.6800000e+000  2.7680000e+000
  2.7300000e+000  3.4970000e+000
  2.7800000e+000  3.5070000e+000
  2.8300000e+000  4.2990000e+000
  2.8800000e+000  4.2340000e+000
  2.9300000e+000  4.0860000e+000
  2.9800000e+000  4.2050000e+000
  3.0300000e+000  4.0690000e+000
  3.0800000e+000  3.9700000e+000
  3.1300000e+000  3.5370000e+000
  3.1800000e+000  3.6700000e+000
  3.2300000e+000  3.8550000e+000
  3.2800000e+000  3.6360000e+000
  3.3300000e+000  3.6980000e+000
  3.3800000e+000  3.5190000e+000
  3.4300000e+000  3.7030000e+000
  3.4800000e+000  2.8880000e+000
  3.5300000e+000  2.8090000e+000
  3.5800000e+000  2.9110000e+000
  3.6300000e+000  2.7750000e+000
  3.6800000e+000  2.5980000e+000
  3.7300000e+000  3.2800000e+000
  3.7800000e+000  3.0910000e+000
  3.8300000e+000  4.6310000e+000
  3.8800000e+000  4.5030000e+000
  3.9300000e+000  4.6850000e+000
  3.9800000e+000  4.4540000e+000
  4.0300000e+000  4.3750000e+000
  4.0800000e+000  4.5040000e+000
