  1.3000000e-001  3.2700000e+000
  1.8000000e-001  3.3900000e+000
  2.3000000e-001  3.6600000e+000
  2.8000000e-001  4.0300000e+000
  3.3000000e-001  4.4500000e+000
  4.3000000e-001  4.7700000e+000
  4.8000000e-001  4.8000000e+000
  5.3000000e-001  4.7400000e+000
  5.8000000e-001  4.5800000e+000
  6.3000000e-001  4.5500000e+000
  6.8000000e-001  4.3100000e+000
  7.3000000e-001  4.4500000e+000
  7.8000000e-001  4.4300000e+000
  8.3000000e-001  4.5200000e+000
  8.8000000e-001  4.4800000e+000
  9.3000000e-001  4.4600000e+000
  9.8000000e-001  4.2800000e+000
  1.0900000e+000  4.0600000e+000
  1.1400000e+000  4.1800000e+000
  1.1900000e+000  4.1200000e+000
  1.2400000e+000  4.1700000e+000
  1.2900000e+000  4.1700000e+000
  1.3400000e+000  4.2900000e+000
  1.3900000e+000  4.2900000e+000
  1.4400000e+000  4.0700000e+000
  1.4900000e+000  4.2500000e+000
  1.5400000e+000  4.0000000e+000
  1.5900000e+000  3.7200000e+000
  1.6400000e+000  4.0500000e+000
  1.6900000e+000  4.2200000e+000
  1.7900000e+000  3.6600000e+000
  1.8400000e+000  3.9500000e+000
  1.8900000e+000  3.9400000e+000
  1.9400000e+000  3.5900000e+000
  1.9900000e+000  3.5900000e+000
  2.0400000e+000  3.9900000e+000
  2.0900000e+000  4.1000000e+000
  2.1400000e+000  4.8200000e+000
  2.1900000e+000  4.6700000e+000
  2.2400000e+000  4.7000000e+000
  2.2900000e+000  4.5700000e+000
  2.3400000e+000  4.5300000e+000
  2.3900000e+000  4.3300000e+000
  2.4400000e+000  4.7700000e+000
  2.4900000e+000  4.8900000e+000
  2.5900000e+000  4.7500000e+000
  2.6400000e+000  4.6500000e+000
  2.6900000e+000  4.6200000e+000
  2.7900000e+000  4.5100000e+000
  2.8400000e+000  4.3700000e+000
  2.9400000e+000  4.7700000e+000
  2.9900000e+000  4.8000000e+000
  3.0400000e+000  4.7300000e+000
  3.0900000e+000  4.3000000e+000
  3.1400000e+000  4.1600000e+000
  3.1900000e+000  3.6900000e+000
  3.2400000e+000  4.1800000e+000
  3.2900000e+000  3.6900000e+000
  3.3400000e+000  3.9300000e+000
  3.3900000e+000  4.3400000e+000
  3.4900000e+000  4.5100000e+000
  3.5400000e+000  4.5400000e+000
  3.5900000e+000  3.8200000e+000
  3.6400000e+000  3.2900000e+000
  3.7400000e+000  4.3300000e+000
  3.7900000e+000  4.5000000e+000
  3.8400000e+000  4.3400000e+000
  3.8900000e+000  4.2300000e+000
  3.9400000e+000  4.3000000e+000
  3.9900000e+000  4.3000000e+000
  4.1400000e+000  4.3600000e+000
  4.1900000e+000  4.2400000e+000
  4.2400000e+000  4.3100000e+000
  4.2900000e+000  4.1800000e+000
  4.3900000e+000  3.9800000e+000
  4.4400000e+000  4.0900000e+000
  4.4900000e+000  3.9000000e+000
  4.5400000e+000  3.7200000e+000
  4.5900000e+000  3.9600000e+000
  4.6400000e+000  3.4800000e+000
  4.7900000e+000  3.1800000e+000
  4.8400000e+000  3.3700000e+000
  4.8900000e+000  3.8300000e+000
  4.9400000e+000  4.0400000e+000
  4.9900000e+000  4.2200000e+000
  5.0400000e+000  4.8200000e+000
  5.0900000e+000  4.2400000e+000
  5.1400000e+000  4.6600000e+000
  5.8400000e+000  4.4200000e+000
  5.8900000e+000  4.6400000e+000
  5.9900000e+000  4.4400000e+000
  6.0900000e+000  4.4900000e+000
  6.1400000e+000  4.4600000e+000
  6.1900000e+000  4.3100000e+000
  6.2400000e+000  4.3100000e+000
  6.2900000e+000  4.1000000e+000
  6.3400000e+000  4.1700000e+000
  6.3900000e+000  4.0500000e+000
  6.4400000e+000  3.9900000e+000
  6.4900000e+000  3.8300000e+000
  6.5400000e+000  4.1400000e+000
  6.5900000e+000  3.6300000e+000
  6.6400000e+000  3.3000000e+000
  6.6900000e+000  3.6600000e+000
  6.7400000e+000  3.4800000e+000
  6.7900000e+000  3.7900000e+000
  6.8400000e+000  4.4000000e+000
  6.8900000e+000  4.4300000e+000
  6.9400000e+000  4.3300000e+000
  7.0400000e+000  4.8100000e+000
  7.0900000e+000  4.7100000e+000
  7.1400000e+000  4.8400000e+000
  7.1900000e+000  4.8700000e+000
  7.2400000e+000  4.8700000e+000
  7.2900000e+000  4.7400000e+000
  7.3900000e+000  4.6300000e+000
  7.4400000e+000  4.6500000e+000
  7.4900000e+000  4.4000000e+000
  7.5400000e+000  4.5600000e+000
  7.5900000e+000  4.5900000e+000
  7.6400000e+000  4.5100000e+000
  7.6900000e+000  4.5000000e+000
  7.7400000e+000  4.6600000e+000
  7.7900000e+000  4.2900000e+000
  7.8900000e+000  4.2100000e+000
  7.9400000e+000  4.4100000e+000
  7.9900000e+000  4.2900000e+000
  8.0400000e+000  3.8500000e+000
  8.0900000e+000  3.8800000e+000
  8.1900000e+000  3.8100000e+000
  8.2400000e+000  4.1800000e+000
  8.2900000e+000  4.1600000e+000
  8.4400000e+000  3.8100000e+000
  8.4900000e+000  3.8200000e+000
  8.5400000e+000  3.7100000e+000
  8.5900000e+000  3.8700000e+000
  8.6400000e+000  3.9200000e+000
  8.6900000e+000  3.9600000e+000
  8.7400000e+000  3.9800000e+000
  8.7900000e+000  4.1600000e+000
  8.8400000e+000  4.2200000e+000
  8.8900000e+000  4.1600000e+000
  8.9400000e+000  4.2400000e+000
  8.9900000e+000  4.2500000e+000
  9.0400000e+000  4.1800000e+000
  9.0900000e+000  4.1200000e+000
  9.1400000e+000  3.8900000e+000
  9.1900000e+000  3.5900000e+000
  9.2400000e+000  3.7700000e+000
  9.2900000e+000  3.4400000e+000
  9.4400000e+000  3.9000000e+000
  9.4900000e+000  4.1500000e+000
  9.5400000e+000  3.9000000e+000
  9.5900000e+000  3.7800000e+000
  9.6400000e+000  3.6700000e+000
  9.6900000e+000  3.6000000e+000
  9.7400000e+000  3.7400000e+000
  9.7900000e+000  3.4600000e+000
  9.8400000e+000  3.4900000e+000
  9.8900000e+000  3.9500000e+000
  9.9400000e+000  4.3800000e+000
  1.0040000e+001  4.8500000e+000
  1.0090000e+001  4.9400000e+000
  1.0240000e+001  4.6400000e+000
  1.0290000e+001  4.8100000e+000
  1.0340000e+001  4.6100000e+000
  1.0440000e+001  4.6100000e+000
  1.0490000e+001  4.4900000e+000
  1.0540000e+001  4.6400000e+000
  1.0590000e+001  4.3300000e+000
  1.0640000e+001  4.5400000e+000
  1.0690000e+001  4.5500000e+000
  1.0740000e+001  4.4200000e+000
  1.0790000e+001  4.2500000e+000
  1.0840000e+001  4.3700000e+000
  1.0990000e+001  3.6900000e+000
  1.1040000e+001  3.7300000e+000
  1.1090000e+001  4.5300000e+000
  1.1140000e+001  4.3600000e+000
  1.1190000e+001  4.1200000e+000
  1.1240000e+001  4.2200000e+000
  1.1290000e+001  4.1300000e+000
  1.1340000e+001  4.1300000e+000
  1.1390000e+001  3.9400000e+000
  1.1490000e+001  3.4800000e+000
  1.1540000e+001  3.5600000e+000
  1.1590000e+001  3.6100000e+000
  1.1640000e+001  3.5500000e+000
  1.1690000e+001  3.8500000e+000
  1.1740000e+001  3.9400000e+000
  1.1790000e+001  3.9600000e+000
  1.1840000e+001  4.3700000e+000
  1.1890000e+001  4.3700000e+000
  1.1940000e+001  4.4400000e+000
  1.1990000e+001  4.1900000e+000
  1.2040000e+001  4.0900000e+000
  1.2090000e+001  3.9300000e+000
  1.2140000e+001  3.8500000e+000
  1.2190000e+001  3.8600000e+000
  1.2240000e+001  4.1000000e+000
  1.2290000e+001  3.9900000e+000
  1.2340000e+001  4.2200000e+000
  1.2390000e+001  4.2800000e+000
  1.2440000e+001  4.3500000e+000
  1.2490000e+001  4.1000000e+000
  1.2540000e+001  4.1100000e+000
  1.2590000e+001  4.2100000e+000
  1.2690000e+001  3.9000000e+000
  1.2740000e+001  3.4700000e+000
  1.2790000e+001  3.5400000e+000
  1.2840000e+001  3.5300000e+000
