  0.0000000e+000  2.0880349e+000
  1.0000000e+000  2.0878482e+000
  2.0000000e+000  2.0390140e+000
  3.0000000e+000  2.1464692e+000
  4.0000000e+000  2.1554928e+000
  5.0000000e+000  2.1244639e+000
  6.0000000e+000  2.1931652e+000
  7.0000000e+000  2.2270896e+000
  8.0000000e+000  2.2795417e+000
  9.0000000e+000  2.2446046e+000
  1.0000000e+001  2.3833603e+000
  1.1000000e+001  2.4633799e+000
  1.2000000e+001  2.7837401e+000
  1.3000000e+001  2.9153808e+000
  1.4000000e+001  3.1406785e+000
  1.5000000e+001  3.3546740e+000
  1.6000000e+001  3.6107883e+000
  1.7000000e+001  3.7412884e+000
  1.8000000e+001  3.8840084e+000
  1.9000000e+001  3.8162915e+000
  2.0000000e+001  3.8519030e+000
  2.1000000e+001  3.7745618e+000
  2.2000000e+001  3.7427660e+000
  2.3000000e+001  3.7188092e+000
  2.4000000e+001  3.6710937e+000
  2.5000000e+001  3.6786982e+000
  2.6000000e+001  3.5334376e+000
  2.7000000e+001  3.6088788e+000
  2.8000000e+001  3.6132745e+000
  2.9000000e+001  3.5913400e+000
  3.0000000e+001  3.4771217e+000
  3.1000000e+001  3.4837914e+000
  3.2000000e+001  3.4586361e+000
  3.3000000e+001  3.4389763e+000
  3.4000000e+001  3.4460736e+000
  3.5000000e+001  3.3988101e+000
  3.6000000e+001  3.3142930e+000
  3.7000000e+001  3.3161814e+000
  3.8000000e+001  3.2737804e+000
  3.9000000e+001  3.4145726e+000
  4.0000000e+001  3.4082584e+000
  4.1000000e+001  3.3744482e+000
  4.2000000e+001  3.3635085e+000
  4.3000000e+001  3.3229405e+000
  4.4000000e+001  3.3382246e+000
  4.5000000e+001  3.1886110e+000
  4.6000000e+001  3.2230788e+000
  4.7000000e+001  3.2412215e+000
  4.8000000e+001  3.3051049e+000
  4.9000000e+001  3.3219336e+000
  5.0000000e+001  3.2032545e+000
  5.1000000e+001  3.1935836e+000
  5.2000000e+001  3.1693702e+000
  5.3000000e+001  3.2964835e+000
  5.4000000e+001  3.2355909e+000
  5.5000000e+001  3.1668797e+000
  5.6000000e+001  3.2142805e+000
  5.7000000e+001  3.2873701e+000
  5.8000000e+001  3.3492881e+000
  5.9000000e+001  3.2873070e+000
  6.0000000e+001  3.4586705e+000
  6.1000000e+001  3.3727006e+000
  6.2000000e+001  3.4643935e+000
  6.3000000e+001  3.3912568e+000
  6.4000000e+001  3.2167556e+000
  6.5000000e+001  3.3406144e+000
  6.6000000e+001  3.4265783e+000
  6.7000000e+001  3.2989801e+000
  6.8000000e+001  3.2789193e+000
  6.9000000e+001  3.3279282e+000
  7.0000000e+001  3.1793444e+000
  7.1000000e+001  3.0846439e+000
  7.2000000e+001  3.0745965e+000
  7.3000000e+001  3.0891499e+000
  7.4000000e+001  2.8877266e+000
  7.5000000e+001  2.8126802e+000
  7.6000000e+001  2.9235863e+000
  7.7000000e+001  2.9374792e+000
  7.8000000e+001  2.9147391e+000
  7.9000000e+001  2.9109412e+000
  8.0000000e+001  2.7605117e+000
  8.1000000e+001  2.6836422e+000
  8.2000000e+001  2.6616986e+000
  8.3000000e+001  2.6879002e+000
  8.4000000e+001  2.6830867e+000
  8.5000000e+001  2.8134270e+000
  8.6000000e+001  2.9192054e+000
  8.7000000e+001  3.0401418e+000
  8.8000000e+001  2.9670631e+000
  8.9000000e+001  2.9370617e+000
  9.0000000e+001  2.9205550e+000
  9.1000000e+001  2.8932410e+000
  9.2000000e+001  2.8420767e+000
  9.3000000e+001  2.7644984e+000
  9.4000000e+001  2.7030009e+000
  9.5000000e+001  2.6260464e+000
  9.6000000e+001  2.6122145e+000
  9.7000000e+001  2.6921520e+000
  9.8000000e+001  2.7602584e+000
  9.9000000e+001  2.6408133e+000
  1.0000000e+002  2.6672386e+000
  1.0100000e+002  2.7753926e+000
  1.0200000e+002  2.7155533e+000
  1.0300000e+002  2.7357594e+000
  1.0400000e+002  2.7810528e+000
  1.0500000e+002  2.7092512e+000
  1.0600000e+002  2.8631243e+000
  1.0700000e+002  2.9042716e+000
  1.0800000e+002  2.9716413e+000
  1.0900000e+002  2.9820513e+000
  1.1000000e+002  2.8975392e+000
  1.1100000e+002  2.8848694e+000
  1.1200000e+002  2.8868283e+000
  1.1300000e+002  2.7945566e+000
  1.1400000e+002  2.6729789e+000
  1.1500000e+002  2.5688550e+000
  1.1600000e+002  2.4375333e+000
  1.1700000e+002  2.3988189e+000
  1.1800000e+002  2.3026373e+000
  1.1900000e+002  2.1575719e+000
  1.2000000e+002  2.1334607e+000
  1.2100000e+002  2.1161481e+000
  1.2200000e+002  2.0420249e+000
  1.2300000e+002  1.9608445e+000
  1.2400000e+002  2.1319638e+000
  1.2500000e+002  2.0014164e+000
  1.2600000e+002  2.0168740e+000
  1.2700000e+002  2.2314567e+000
  1.2800000e+002  2.5739611e+000
  1.2900000e+002  2.7634337e+000
  1.3000000e+002  2.5332329e+000
  1.3100000e+002  2.6680059e+000
  1.3200000e+002  3.0640155e+000
  1.3300000e+002  3.2684715e+000
  1.3400000e+002  3.5619630e+000
  1.3500000e+002  3.7189970e+000
  1.3600000e+002  3.6778758e+000
  1.3700000e+002  3.6563974e+000
  1.3800000e+002  3.7515467e+000
  1.3900000e+002  3.7272229e+000
  1.4000000e+002  3.8380155e+000
  1.4100000e+002  3.6729461e+000
  1.4200000e+002  3.6089552e+000
  1.4300000e+002  3.6440003e+000
  1.4400000e+002  3.6837384e+000
  1.4500000e+002  3.6045904e+000
  1.4600000e+002  3.6312026e+000
  1.4700000e+002  3.6755507e+000
  1.4800000e+002  3.5663677e+000
  1.4900000e+002  3.6102140e+000
  1.5000000e+002  3.6068823e+000
  1.5100000e+002  3.5234651e+000
  1.5200000e+002  3.4967354e+000
  1.5300000e+002  3.4833804e+000
  1.5400000e+002  3.5151362e+000
  1.5500000e+002  3.3747977e+000
  1.5600000e+002  3.6392709e+000
  1.5700000e+002  3.6013158e+000
  1.5800000e+002  3.5547428e+000
  1.5900000e+002  3.5207524e+000
  1.6000000e+002  3.5456006e+000
  1.6100000e+002  3.5120214e+000
  1.6200000e+002  3.5180360e+000
  1.6300000e+002  3.5580959e+000
  1.6400000e+002  3.5419466e+000
  1.6500000e+002  3.5385557e+000
  1.6600000e+002  3.3381460e+000
  1.6700000e+002  3.2663030e+000
  1.6800000e+002  3.3423481e+000
  1.6900000e+002  3.3552320e+000
  1.7000000e+002  3.3628871e+000
  1.7100000e+002  3.3931475e+000
  1.7200000e+002  3.3166931e+000
  1.7300000e+002  3.2374064e+000
  1.7400000e+002  3.1393295e+000
  1.7500000e+002  3.1839964e+000
  1.7600000e+002  3.2528540e+000
  1.7700000e+002  3.3238821e+000
  1.7800000e+002  3.2974617e+000
  1.7900000e+002  3.3415259e+000
  1.8000000e+002  3.2509610e+000
  1.8100000e+002  3.3164466e+000
  1.8200000e+002  3.3432408e+000
  1.8300000e+002  3.2271818e+000
  1.8400000e+002  3.2593219e+000
  1.8500000e+002  3.4453159e+000
  1.8600000e+002  3.3337924e+000
  1.8700000e+002  3.2623973e+000
  1.8800000e+002  3.3235497e+000
  1.8900000e+002  3.2491358e+000
  1.9000000e+002  3.1417026e+000
  1.9100000e+002  2.9905545e+000
  1.9200000e+002  2.6247511e+000
  1.9300000e+002  2.7807547e+000
  1.9400000e+002  2.7024846e+000
  1.9500000e+002  2.7653268e+000
  1.9600000e+002  2.6827051e+000
  1.9700000e+002  2.6007658e+000
  1.9800000e+002  2.6825134e+000
  1.9900000e+002  2.4322562e+000
  2.0000000e+002  2.3898049e+000
  2.0100000e+002  2.3893120e+000
  2.0200000e+002  2.4860607e+000
  2.0300000e+002  2.4682669e+000
  2.0400000e+002  2.6429650e+000
  2.0500000e+002  2.6846731e+000
  2.0600000e+002  2.6276857e+000
  2.0700000e+002  2.6449382e+000
  2.0800000e+002  2.5742065e+000
  2.0900000e+002  2.4991848e+000
  2.1000000e+002  2.4348271e+000
  2.1100000e+002  2.4602025e+000
  2.1200000e+002  2.4716651e+000
  2.1300000e+002  2.5132641e+000
  2.1400000e+002  2.4188786e+000
  2.1500000e+002  2.4025441e+000
  2.1600000e+002  2.3903519e+000
  2.1700000e+002  2.3437549e+000
  2.1800000e+002  2.5763485e+000
  2.1900000e+002  2.7981149e+000
  2.2000000e+002  2.8430419e+000
  2.2100000e+002  3.0935328e+000
  2.2200000e+002  3.2365740e+000
  2.2300000e+002  3.3013911e+000
  2.2400000e+002  3.2469031e+000
  2.2500000e+002  3.1445916e+000
  2.2600000e+002  3.1512486e+000
  2.2700000e+002  3.0509009e+000
  2.2800000e+002  3.0470335e+000
  2.2900000e+002  2.8825686e+000
  2.3000000e+002  3.1595442e+000
  2.3100000e+002  3.0773974e+000
  2.3200000e+002  3.0322487e+000
  2.3300000e+002  2.8314588e+000
  2.3400000e+002  2.7006237e+000
  2.3500000e+002  2.5745838e+000
  2.3600000e+002  2.5166485e+000
  2.3700000e+002  2.3278565e+000
  2.3800000e+002  2.3716674e+000
  2.3900000e+002  2.3001575e+000
  2.4000000e+002  2.3026674e+000
  2.4100000e+002  2.4012839e+000
  2.4200000e+002  2.5377711e+000
  2.4300000e+002  2.6375543e+000
  2.4400000e+002  2.9139726e+000
  2.4500000e+002  3.0261411e+000
  2.4600000e+002  3.2385384e+000
  2.4700000e+002  3.1662477e+000
  2.4800000e+002  3.2412649e+000
  2.4900000e+002  3.2193882e+000
  2.5000000e+002  3.3585085e+000
  2.5100000e+002  3.4369440e+000
  2.5200000e+002  3.4855056e+000
  2.5300000e+002  3.3802016e+000
  2.5400000e+002  3.4329995e+000
  2.5500000e+002  3.2260420e+000
  2.5600000e+002  3.2881243e+000
  2.5700000e+002  3.4144787e+000
  2.5800000e+002  3.3689236e+000
  2.5900000e+002  3.3782593e+000
  2.6000000e+002  3.3243592e+000
  2.6100000e+002  3.3757594e+000
  2.6200000e+002  3.3124495e+000
  2.6300000e+002  3.3180724e+000
  2.6400000e+002  3.2787348e+000
  2.6500000e+002  3.3005637e+000
  2.6600000e+002  3.3622150e+000
  2.6700000e+002  3.3630245e+000
  2.6800000e+002  3.1889307e+000
  2.6900000e+002  3.3817366e+000
  2.7000000e+002  3.3719210e+000
  2.7100000e+002  3.3616147e+000
  2.7200000e+002  3.2980636e+000
  2.7300000e+002  3.2956998e+000
  2.7400000e+002  3.2419849e+000
  2.7500000e+002  3.2390694e+000
  2.7600000e+002  3.1625021e+000
  2.7700000e+002  3.3018308e+000
  2.7800000e+002  3.1671893e+000
  2.7900000e+002  3.0933528e+000
  2.8000000e+002  3.0029241e+000
  2.8100000e+002  3.0709778e+000
  2.8200000e+002  2.8419242e+000
  2.8300000e+002  2.7345875e+000
  2.8400000e+002  2.7192371e+000
  2.8500000e+002  2.7014927e+000
  2.8600000e+002  2.6827866e+000
  2.8700000e+002  2.7485983e+000
  2.8800000e+002  2.8796692e+000
  2.8900000e+002  2.9231122e+000
  2.9000000e+002  2.9579398e+000
  2.9100000e+002  2.9724320e+000
  2.9200000e+002  3.1257706e+000
  2.9300000e+002  3.0782999e+000
  2.9400000e+002  3.1919596e+000
  2.9500000e+002  3.1706463e+000
  2.9600000e+002  3.0898307e+000
  2.9700000e+002  3.1572924e+000
  2.9800000e+002  3.0339888e+000
  2.9900000e+002  3.0883305e+000
  3.0000000e+002  2.8783557e+000
  3.0100000e+002  2.9203100e+000
  3.0200000e+002  2.9231699e+000
  3.0300000e+002  2.8575254e+000
  3.0400000e+002  2.9279825e+000
  3.0500000e+002  2.9333684e+000
  3.0600000e+002  2.9104910e+000
  3.0700000e+002  2.8579389e+000
  3.0800000e+002  2.7092764e+000
  3.0900000e+002  2.7225074e+000
  3.1000000e+002  2.6594950e+000
  3.1100000e+002  2.5557394e+000
  3.1200000e+002  2.6468099e+000
  3.1300000e+002  2.5525567e+000
  3.1400000e+002  2.6298144e+000
  3.1500000e+002  2.4774502e+000
  3.1600000e+002  2.5529760e+000
  3.1700000e+002  2.7486250e+000
  3.1800000e+002  2.6176900e+000
  3.1900000e+002  2.4365410e+000
  3.2000000e+002  2.5237668e+000
  3.2100000e+002  2.3882766e+000
  3.2200000e+002  2.3865670e+000
  3.2300000e+002  2.3304498e+000
  3.2400000e+002  2.0737625e+000
  3.2500000e+002  2.1690214e+000
  3.2600000e+002  2.0922155e+000
  3.2700000e+002  2.0799625e+000
  3.2800000e+002  2.0938462e+000
  3.2900000e+002  2.0523419e+000
  3.3000000e+002  2.1569002e+000
  3.3100000e+002  2.1474288e+000
  3.3200000e+002  2.2524945e+000
  3.3300000e+002  2.2416667e+000
  3.3400000e+002  2.3695629e+000
  3.3500000e+002  2.6073968e+000
  3.3600000e+002  2.9395789e+000
  3.3700000e+002  3.0909007e+000
  3.3800000e+002  3.0347501e+000
  3.3900000e+002  3.2791560e+000
  3.4000000e+002  3.4574378e+000
  3.4100000e+002  3.6995861e+000
  3.4200000e+002  3.6865025e+000
  3.4300000e+002  3.6622522e+000
  3.4400000e+002  3.6160004e+000
  3.4500000e+002  3.6516759e+000
  3.4600000e+002  3.5392853e+000
  3.4700000e+002  3.3852961e+000
  3.4800000e+002  3.3453395e+000
  3.4900000e+002  3.4759988e+000
  3.5000000e+002  3.5291452e+000
  3.5100000e+002  3.5029643e+000
  3.5200000e+002  3.3331868e+000
  3.5300000e+002  3.3312751e+000
  3.5400000e+002  3.2574490e+000
  3.5500000e+002  3.4457993e+000
  3.5600000e+002  3.3164849e+000
  3.5700000e+002  3.4095288e+000
  3.5800000e+002  3.4354714e+000
  3.5900000e+002  3.3495526e+000
  3.6000000e+002  3.3954768e+000
  3.6100000e+002  3.3554374e+000
  3.6200000e+002  3.3559817e+000
  3.6300000e+002  3.3876802e+000
  3.6400000e+002  3.2161717e+000
  3.6500000e+002  3.3188932e+000
  3.6600000e+002  3.1829099e+000
  3.6700000e+002  3.2307598e+000
  3.6800000e+002  3.2585724e+000
  3.6900000e+002  3.2388429e+000
  3.7000000e+002  3.2199063e+000
  3.7100000e+002  3.1313110e+000
  3.7200000e+002  3.2834245e+000
  3.7300000e+002  3.1469991e+000
  3.7400000e+002  3.1975628e+000
  3.7500000e+002  3.0558277e+000
  3.7600000e+002  3.0704319e+000
  3.7700000e+002  3.0575537e+000
  3.7800000e+002  3.0452090e+000
  3.7900000e+002  3.0334367e+000
  3.8000000e+002  3.0536003e+000
  3.8100000e+002  3.0115898e+000
  3.8200000e+002  2.9087333e+000
  3.8300000e+002  2.9773615e+000
  3.8400000e+002  2.9432729e+000
  3.8500000e+002  2.9984493e+000
  3.8600000e+002  2.8767291e+000
  3.8700000e+002  2.8494988e+000
  3.8800000e+002  2.7788954e+000
  3.8900000e+002  2.7481344e+000
  3.9000000e+002  2.8215536e+000
  3.9100000e+002  2.8566287e+000
  3.9200000e+002  2.8276554e+000
  3.9300000e+002  2.7168946e+000
  3.9400000e+002  2.7788034e+000
  3.9500000e+002  2.6194802e+000
  3.9600000e+002  2.5750908e+000
  3.9700000e+002  2.3254004e+000
  3.9800000e+002  2.4049904e+000
  3.9900000e+002  2.3396844e+000
  4.0000000e+002  2.1776618e+000
  4.0100000e+002  2.0551438e+000
  4.0200000e+002  2.0284803e+000
  4.0300000e+002  2.0140088e+000
  4.0400000e+002  2.0591286e+000
  4.0500000e+002  1.9738185e+000
  4.0600000e+002  2.0525376e+000
  4.0700000e+002  2.0712281e+000
  4.0800000e+002  2.0290325e+000
  4.0900000e+002  2.0781748e+000
  4.1000000e+002  2.0101492e+000
  4.1100000e+002  2.1461704e+000
  4.1200000e+002  2.1670388e+000
  4.1300000e+002  2.2441777e+000
  4.1400000e+002  2.2748409e+000
  4.1500000e+002  2.2739396e+000
  4.1600000e+002  2.3650315e+000
  4.1700000e+002  2.4322133e+000
  4.1800000e+002  2.6075558e+000
  4.1900000e+002  2.6664325e+000
  4.2000000e+002  2.6309736e+000
  4.2100000e+002  2.7070707e+000
  4.2200000e+002  2.8032118e+000
  4.2300000e+002  2.8814425e+000
  4.2400000e+002  2.7806051e+000
  4.2500000e+002  3.1638628e+000
  4.2600000e+002  3.3635283e+000
  4.2700000e+002  3.1638248e+000
  4.2800000e+002  3.5824127e+000
  4.2900000e+002  3.7745073e+000
  4.3000000e+002  3.8401257e+000
  4.3100000e+002  3.9112569e+000
  4.3200000e+002  3.9112027e+000
  4.3300000e+002  3.9379650e+000
  4.3400000e+002  3.9357544e+000
  4.3500000e+002  3.8793059e+000
  4.3600000e+002  3.9342588e+000
  4.3700000e+002  3.7575655e+000
  4.3800000e+002  3.6528206e+000
  4.3900000e+002  3.7347262e+000
  4.4000000e+002  3.6247625e+000
  4.4100000e+002  3.8088588e+000
  4.4200000e+002  3.8228107e+000
  4.4300000e+002  3.7658582e+000
  4.4400000e+002  3.6841317e+000
  4.4500000e+002  3.7734086e+000
  4.4600000e+002  3.6825429e+000
  4.4700000e+002  3.3657419e+000
  4.4800000e+002  3.6252832e+000
  4.4900000e+002  3.5853578e+000
  4.5000000e+002  3.6092564e+000
  4.5100000e+002  3.4417655e+000
  4.5200000e+002  3.5937262e+000
  4.5300000e+002  3.4193677e+000
  4.5400000e+002  3.4568896e+000
  4.5500000e+002  3.2725640e+000
  4.5600000e+002  3.4825974e+000
  4.5700000e+002  3.4881654e+000
  4.5800000e+002  3.4070189e+000
  4.5900000e+002  3.4859930e+000
  4.6000000e+002  3.4210999e+000
  4.6100000e+002  3.4462330e+000
  4.6200000e+002  3.4716287e+000
  4.6300000e+002  3.4735272e+000
  4.6400000e+002  3.2960691e+000
  4.6500000e+002  3.4323549e+000
  4.6600000e+002  3.3229467e+000
  4.6700000e+002  3.3009022e+000
  4.6800000e+002  3.2363065e+000
  4.6900000e+002  3.3713079e+000
  4.7000000e+002  3.1919051e+000
  4.7100000e+002  3.1090825e+000
  4.7200000e+002  3.1786083e+000
  4.7300000e+002  3.2240521e+000
  4.7400000e+002  3.2479961e+000
  4.7500000e+002  3.2055648e+000
  4.7600000e+002  3.1556971e+000
  4.7700000e+002  3.1291318e+000
  4.7800000e+002  3.0816596e+000
  4.7900000e+002  2.9781734e+000
  4.8000000e+002  2.9800600e+000
  4.8100000e+002  3.0324612e+000
  4.8200000e+002  2.8669563e+000
  4.8300000e+002  2.8336098e+000
  4.8400000e+002  2.6484086e+000
  4.8500000e+002  2.6723786e+000
  4.8600000e+002  2.6173830e+000
  4.8700000e+002  2.5768378e+000
  4.8800000e+002  2.5328117e+000
  4.8900000e+002  2.4620153e+000
  4.9000000e+002  2.3976334e+000
  4.9100000e+002  2.3276929e+000
  4.9200000e+002  2.4940905e+000
  4.9300000e+002  2.5847969e+000
  4.9400000e+002  2.6912644e+000
  4.9500000e+002  2.6902563e+000
  4.9600000e+002  2.6940285e+000
  4.9700000e+002  2.5395062e+000
  4.9800000e+002  2.6754799e+000
  4.9900000e+002  2.6060230e+000
  5.0000000e+002  2.6966765e+000
  5.0100000e+002  2.6447895e+000
  5.0200000e+002  2.6133030e+000
  5.0300000e+002  2.6690835e+000
  5.0400000e+002  2.7662186e+000
  5.0500000e+002  2.7235972e+000
  5.0600000e+002  2.8650877e+000
  5.0700000e+002  2.7903598e+000
  5.0800000e+002  3.0171766e+000
  5.0900000e+002  2.9223546e+000
  5.1000000e+002  2.9998470e+000
  5.1100000e+002  2.9214997e+000
  5.1200000e+002  3.0815692e+000
  5.1300000e+002  3.1082889e+000
  5.1400000e+002  2.9643958e+000
  5.1500000e+002  2.9631378e+000
  5.1600000e+002  2.8731512e+000
  5.1700000e+002  2.8216108e+000
  5.1800000e+002  2.9312960e+000
  5.1900000e+002  2.8151526e+000
  5.2000000e+002  2.8110707e+000
  5.2100000e+002  2.7674690e+000
  5.2200000e+002  2.7356801e+000
  5.2300000e+002  2.7873441e+000
  5.2400000e+002  2.6948585e+000
  5.2500000e+002  2.7849281e+000
  5.2600000e+002  2.8283068e+000
  5.2700000e+002  2.8236084e+000
  5.2800000e+002  2.7770708e+000
  5.2900000e+002  2.8502147e+000
  5.3000000e+002  2.8333718e+000
  5.3100000e+002  2.7796736e+000
  5.3200000e+002  2.8715447e+000
  5.3300000e+002  2.9715752e+000
  5.3400000e+002  3.1301425e+000
  5.3500000e+002  3.1458981e+000
  5.3600000e+002  3.4087077e+000
  5.3700000e+002  3.2916800e+000
  5.3800000e+002  3.4041035e+000
  5.3900000e+002  3.3387062e+000
  5.4000000e+002  3.3863697e+000
  5.4100000e+002  3.3634031e+000
  5.4200000e+002  3.3061796e+000
  5.4300000e+002  3.3062493e+000
  5.4400000e+002  3.3177338e+000
  5.4500000e+002  3.2939384e+000
  5.4600000e+002  3.3659210e+000
  5.4700000e+002  3.3854182e+000
  5.4800000e+002  3.4108519e+000
  5.4900000e+002  3.3878276e+000
  5.5000000e+002  3.3645847e+000
  5.5100000e+002  3.3116012e+000
  5.5200000e+002  3.3784742e+000
  5.5300000e+002  3.3222515e+000
  5.5400000e+002  3.1548477e+000
  5.5500000e+002  3.1061720e+000
  5.5600000e+002  3.2469621e+000
  5.5700000e+002  3.2060828e+000
  5.5800000e+002  3.1089447e+000
  5.5900000e+002  3.0333732e+000
  5.6000000e+002  2.9994594e+000
  5.6100000e+002  3.0685841e+000
  5.6200000e+002  2.9959460e+000
  5.6300000e+002  3.0317313e+000
  5.6400000e+002  2.8722166e+000
  5.6500000e+002  2.8221062e+000
  5.6600000e+002  2.7169315e+000
  5.6700000e+002  2.8022334e+000
  5.6800000e+002  2.8586059e+000
  5.6900000e+002  2.8329195e+000
  5.7000000e+002  2.7710893e+000
  5.7100000e+002  2.7529684e+000
  5.7200000e+002  2.4524510e+000
  5.7300000e+002  2.5102902e+000
  5.7400000e+002  2.5896137e+000
  5.7500000e+002  2.2490177e+000
  5.7600000e+002  2.3160337e+000
  5.7700000e+002  2.3447933e+000
  5.7800000e+002  2.3616905e+000
  5.7900000e+002  2.4288641e+000
  5.8000000e+002  2.5528356e+000
  5.8100000e+002  2.8632679e+000
  5.8200000e+002  2.9919324e+000
  5.8300000e+002  3.1463101e+000
  5.8400000e+002  3.1679261e+000
  5.8500000e+002  3.1887621e+000
  5.8600000e+002  3.0416426e+000
  5.8700000e+002  2.9704230e+000
  5.8800000e+002  3.0502847e+000
  5.8900000e+002  2.9268813e+000
  5.9000000e+002  2.9511327e+000
  5.9100000e+002  2.9343080e+000
  5.9200000e+002  2.8813118e+000
  5.9300000e+002  2.8501868e+000
  5.9400000e+002  2.7618765e+000
  5.9500000e+002  2.7425959e+000
  5.9600000e+002  2.7456475e+000
  5.9700000e+002  2.6565360e+000
  5.9800000e+002  2.8508784e+000
  5.9900000e+002  2.8818217e+000
  6.0000000e+002  2.9278793e+000
  6.0200000e+002  2.8258746e+000
  6.0400000e+002  2.6287309e+000
  6.0600000e+002  2.6590919e+000
  6.0800000e+002  2.6581413e+000
  6.1000000e+002  2.3540475e+000
  6.1200000e+002  2.3848041e+000
  6.1400000e+002  2.3909494e+000
  6.1600000e+002  2.5160953e+000
  6.1800000e+002  2.6719170e+000
  6.2000000e+002  2.9466255e+000
  6.2200000e+002  3.1670200e+000
  6.2400000e+002  3.4919269e+000
  6.2600000e+002  3.7619818e+000
  6.2800000e+002  3.8668785e+000
  6.3000000e+002  3.9412421e+000
  6.3200000e+002  3.9076240e+000
  6.3400000e+002  3.7911962e+000
  6.3600000e+002  3.8579890e+000
  6.3800000e+002  3.6638207e+000
  6.4000000e+002  3.8653994e+000
  6.4200000e+002  3.6070651e+000
  6.4400000e+002  3.5418572e+000
  6.4600000e+002  3.5819698e+000
  6.4800000e+002  3.6079014e+000
  6.5000000e+002  3.5731491e+000
  6.5200000e+002  3.6501202e+000
  6.5400000e+002  3.6297353e+000
  6.5600000e+002  3.4261685e+000
  6.5800000e+002  3.4448908e+000
  6.6000000e+002  3.4951916e+000
  6.6200000e+002  3.6588707e+000
  6.6400000e+002  3.4408525e+000
  6.6600000e+002  3.3594272e+000
  6.6800000e+002  3.5092220e+000
  6.7000000e+002  3.2768712e+000
  6.7200000e+002  3.3795183e+000
  6.7400000e+002  3.3211307e+000
  6.7600000e+002  3.2578058e+000
  6.7800000e+002  3.1205764e+000
  6.8000000e+002  3.0039553e+000
  6.8200000e+002  3.0092245e+000
  6.8400000e+002  2.8946984e+000
  6.8600000e+002  2.9867939e+000
  6.8800000e+002  2.8082953e+000
  6.9000000e+002  2.5623341e+000
  6.9200000e+002  2.5725851e+000
  6.9400000e+002  2.4996699e+000
  6.9600000e+002  2.3589613e+000
  6.9800000e+002  2.4300355e+000
  7.0000000e+002  2.5131791e+000
  7.0200000e+002  2.6216998e+000
  7.0400000e+002  2.6955054e+000
  7.0600000e+002  2.7903903e+000
  7.0800000e+002  2.8867744e+000
  7.1000000e+002  2.8354885e+000
  7.1200000e+002  2.9206787e+000
  7.1400000e+002  3.1460065e+000
  7.1600000e+002  3.4729890e+000
  7.1800000e+002  3.6063915e+000
  7.2000000e+002  3.5233735e+000
  7.2200000e+002  3.5148165e+000
  7.2400000e+002  3.3034353e+000
  7.2600000e+002  3.1759340e+000
  7.2800000e+002  3.0226803e+000
  7.3000000e+002  3.0169011e+000
  7.3200000e+002  2.8758381e+000
  7.3400000e+002  3.0141080e+000
  7.3600000e+002  3.0529159e+000
  7.3800000e+002  3.0731835e+000
  7.4000000e+002  2.9714201e+000
  7.4200000e+002  3.0343422e+000
  7.4400000e+002  3.3362758e+000
  7.4600000e+002  3.5273233e+000
  7.4800000e+002  3.4465377e+000
  7.5000000e+002  3.4566545e+000
  7.5200000e+002  3.3388240e+000
  7.5400000e+002  3.4108977e+000
  7.5600000e+002  3.4458467e+000
  7.5800000e+002  3.1199539e+000
  7.6000000e+002  3.1868711e+000
  7.6200000e+002  2.9690302e+000
  7.6400000e+002  3.1394695e+000
  7.6600000e+002  2.9690392e+000
  7.6800000e+002  2.9283985e+000
  7.7000000e+002  2.8463912e+000
  7.7200000e+002  2.7254352e+000
  7.7400000e+002  2.6171982e+000
  7.7600000e+002  2.5026680e+000
  7.7800000e+002  2.4219607e+000
  7.8000000e+002  2.3371631e+000
  7.8200000e+002  2.3987052e+000
  7.8400000e+002  2.4055903e+000
  7.8600000e+002  2.5422732e+000
  7.8800000e+002  2.5618497e+000
  7.9000000e+002  3.0188226e+000
  7.9200000e+002  3.1278320e+000
  7.9400000e+002  3.5950369e+000
  7.9600000e+002  3.5267659e+000
  7.9800000e+002  3.5404559e+000
  8.0000000e+002  3.5362959e+000
  8.0200000e+002  3.5890747e+000
  8.0400000e+002  3.4081362e+000
  8.0600000e+002  3.3914411e+000
  8.0800000e+002  3.3478476e+000
  8.1000000e+002  3.1680550e+000
  8.1200000e+002  3.2438852e+000
  8.1400000e+002  2.9843215e+000
  8.1600000e+002  2.9376367e+000
  8.1800000e+002  2.7629303e+000
  8.2000000e+002  2.8168660e+000
  8.2200000e+002  2.7596249e+000
  8.2400000e+002  2.7811249e+000
  8.2600000e+002  2.9679031e+000
  8.2800000e+002  2.8064873e+000
  8.3000000e+002  2.9013596e+000
  8.3200000e+002  2.9336214e+000
  8.3400000e+002  2.8139857e+000
  8.3600000e+002  2.6753346e+000
  8.3800000e+002  2.8482660e+000
  8.4000000e+002  2.8839512e+000
  8.4200000e+002  2.6666094e+000
  8.4400000e+002  2.5339484e+000
  8.4600000e+002  2.4364607e+000
  8.4800000e+002  2.4864886e+000
  8.5000000e+002  2.3575553e+000
  8.5200000e+002  2.5132368e+000
  8.5400000e+002  2.4886889e+000
  8.5600000e+002  2.3247943e+000
  8.5800000e+002  2.2836006e+000
  8.6000000e+002  2.3112033e+000
  8.6200000e+002  2.5438698e+000
  8.6400000e+002  2.4367510e+000
  8.6600000e+002  2.9151031e+000
  8.6800000e+002  3.1750020e+000
  8.7000000e+002  3.3650515e+000
  8.7200000e+002  3.5302068e+000
  8.7400000e+002  3.5419558e+000
  8.7600000e+002  3.5547187e+000
  8.7800000e+002  3.4502328e+000
  8.8000000e+002  3.5386441e+000
  8.8200000e+002  3.2801330e+000
  8.8400000e+002  3.3301569e+000
  8.8600000e+002  3.3325050e+000
  8.8800000e+002  3.3098731e+000
  8.9000000e+002  3.2525419e+000
  8.9200000e+002  3.1805617e+000
  8.9400000e+002  3.2696921e+000
  8.9600000e+002  3.2568257e+000
  8.9800000e+002  3.1924172e+000
  9.0000000e+002  3.1536987e+000
  9.0200000e+002  3.0340780e+000
  9.0400000e+002  3.0005388e+000
  9.0600000e+002  2.9784094e+000
  9.0800000e+002  2.8467724e+000
  9.1000000e+002  2.8466943e+000
  9.1200000e+002  2.9466664e+000
  9.1400000e+002  2.8912113e+000
  9.1600000e+002  2.9243314e+000
  9.1800000e+002  3.2337650e+000
  9.2000000e+002  3.3697524e+000
  9.2200000e+002  3.4110454e+000
  9.2400000e+002  3.2877084e+000
  9.2600000e+002  3.2382337e+000
  9.2800000e+002  3.1238392e+000
  9.3000000e+002  2.9591982e+000
  9.3200000e+002  2.9340876e+000
  9.3400000e+002  2.8424743e+000
  9.3600000e+002  2.8760300e+000
  9.3800000e+002  2.7185894e+000
  9.4000000e+002  2.7455636e+000
  9.4200000e+002  2.5495668e+000
  9.4400000e+002  2.4261271e+000
  9.4600000e+002  2.4901584e+000
  9.4800000e+002  2.3447885e+000
  9.5000000e+002  2.2988289e+000
  9.5200000e+002  2.1580285e+000
  9.5400000e+002  2.2534857e+000
  9.5600000e+002  2.1866620e+000
  9.5800000e+002  2.5937985e+000
  9.6000000e+002  3.0156642e+000
  9.6200000e+002  3.2832439e+000
  9.6400000e+002  3.4437464e+000
  9.6600000e+002  3.1627926e+000
  9.6800000e+002  3.0675631e+000
  9.7000000e+002  2.9539578e+000
  9.7200000e+002  2.8442858e+000
  9.7400000e+002  2.7318313e+000
  9.7600000e+002  2.6326376e+000
  9.7800000e+002  2.5809500e+000
  9.8000000e+002  2.6238568e+000
  9.8200000e+002  2.8522402e+000
  9.8400000e+002  3.0063592e+000
  9.8600000e+002  3.1010156e+000
  9.8800000e+002  3.0667669e+000
  9.9000000e+002  2.9652463e+000
  9.9200000e+002  2.9187973e+000
  9.9400000e+002  2.7986516e+000
  9.9600000e+002  2.6953560e+000
  9.9800000e+002  2.6982136e+000
  1.0000000e+003  2.7950013e+000
  1.0020000e+003  3.0052667e+000
  1.0040000e+003  3.1436575e+000
  1.0060000e+003  3.0767491e+000
  1.0080000e+003  3.0791829e+000
  1.0100000e+003  2.9787991e+000
  1.0120000e+003  2.9939034e+000
  1.0140000e+003  2.8500215e+000
  1.0160000e+003  2.5851900e+000
  1.0180000e+003  2.6434629e+000
  1.0200000e+003  2.6917488e+000
  1.0220000e+003  2.4262004e+000
  1.0240000e+003  2.5015498e+000
  1.0260000e+003  2.7318635e+000
  1.0280000e+003  2.6991140e+000
  1.0300000e+003  2.8078103e+000
  1.0320000e+003  2.9377995e+000
  1.0340000e+003  3.2153959e+000
  1.0360000e+003  3.1926922e+000
  1.0380000e+003  3.4014014e+000
  1.0400000e+003  3.1867055e+000
  1.0420000e+003  3.0910560e+000
  1.0440000e+003  3.2370546e+000
  1.0460000e+003  3.0809426e+000
  1.0480000e+003  3.1497794e+000
  1.0500000e+003  3.0426674e+000
  1.0520000e+003  3.1324781e+000
  1.0540000e+003  3.1074775e+000
  1.0560000e+003  2.9762553e+000
  1.0580000e+003  3.0882657e+000
  1.0600000e+003  2.9436902e+000
  1.0620000e+003  2.7996932e+000
  1.0640000e+003  2.5247825e+000
  1.0660000e+003  2.3380861e+000
  1.0680000e+003  2.1869000e+000
  1.0700000e+003  2.2027836e+000
  1.0720000e+003  2.0659532e+000
  1.0740000e+003  2.2792980e+000
  1.0760000e+003  2.3446407e+000
  1.0780000e+003  2.4016196e+000
  1.0800000e+003  2.4689590e+000
  1.0820000e+003  2.6686304e+000
  1.0840000e+003  2.5611217e+000
  1.0860000e+003  2.7510137e+000
  1.0880000e+003  2.7685604e+000
  1.0900000e+003  2.8079304e+000
  1.0920000e+003  2.8677977e+000
  1.0940000e+003  2.8569818e+000
  1.0960000e+003  2.8858778e+000
  1.0980000e+003  3.1531949e+000
  1.1000000e+003  2.9422399e+000
  1.1020000e+003  2.8864898e+000
  1.1040000e+003  2.7880695e+000
  1.1060000e+003  2.6893499e+000
  1.1080000e+003  2.5276891e+000
  1.1100000e+003  2.7082483e+000
  1.1120000e+003  2.6998773e+000
  1.1140000e+003  2.9821174e+000
  1.1160000e+003  3.0019370e+000
  1.1180000e+003  3.0565751e+000
  1.1200000e+003  2.9476466e+000
  1.1220000e+003  3.3334854e+000
  1.1240000e+003  3.2045838e+000
  1.1260000e+003  3.3646154e+000
  1.1280000e+003  3.2376697e+000
  1.1300000e+003  3.1799660e+000
  1.1320000e+003  2.9113292e+000
  1.1340000e+003  3.0844932e+000
  1.1360000e+003  3.0987320e+000
  1.1380000e+003  2.8834147e+000
  1.1400000e+003  2.8808559e+000
  1.1420000e+003  2.8293158e+000
  1.1440000e+003  2.8525396e+000
  1.1460000e+003  2.7235167e+000
  1.1480000e+003  2.8750415e+000
  1.1500000e+003  2.6753005e+000
  1.1520000e+003  2.6121461e+000
  1.1540000e+003  2.6231121e+000
  1.1560000e+003  2.6452431e+000
  1.1580000e+003  2.5418135e+000
  1.1600000e+003  2.4562852e+000
  1.1620000e+003  2.4610381e+000
  1.1640000e+003  2.5203489e+000
  1.1660000e+003  2.3887247e+000
  1.1680000e+003  2.4237680e+000
  1.1700000e+003  2.4604871e+000
  1.1720000e+003  2.5926948e+000
  1.1740000e+003  2.6245369e+000
  1.1760000e+003  2.6021696e+000
  1.1780000e+003  2.6563559e+000
  1.1800000e+003  2.4610787e+000
  1.1820000e+003  2.6973860e+000
  1.1840000e+003  2.5141913e+000
  1.1860000e+003  2.6272857e+000
  1.1880000e+003  2.5335262e+000
  1.1900000e+003  2.9072879e+000
  1.1920000e+003  3.0008690e+000
  1.1940000e+003  3.1338702e+000
  1.1960000e+003  3.1418245e+000
  1.1980000e+003  3.2910055e+000
  1.2000000e+003  3.2751664e+000
  1.2020000e+003  3.0619602e+000
  1.2040000e+003  3.1986214e+000
  1.2060000e+003  3.0183015e+000
  1.2080000e+003  3.1811116e+000
  1.2100000e+003  3.0630837e+000
  1.2120000e+003  2.9421374e+000
  1.2140000e+003  2.9600855e+000
  1.2160000e+003  2.6815762e+000
  1.2180000e+003  2.5931584e+000
  1.2200000e+003  2.8327630e+000
  1.2220000e+003  2.8027052e+000
  1.2240000e+003  2.5989497e+000
  1.2260000e+003  2.4877200e+000
  1.2280000e+003  2.4088456e+000
  1.2300000e+003  2.2846632e+000
  1.2320000e+003  2.2681690e+000
  1.2340000e+003  2.1988603e+000
  1.2360000e+003  2.2435299e+000
  1.2380000e+003  2.2137206e+000
  1.2400000e+003  2.1931496e+000
  1.2420000e+003  2.3268286e+000
  1.2440000e+003  2.7113874e+000
  1.2460000e+003  2.9641401e+000
  1.2480000e+003  3.2161019e+000
  1.2500000e+003  3.1729191e+000
  1.2520000e+003  3.1087738e+000
  1.2540000e+003  3.1304370e+000
  1.2560000e+003  2.9670139e+000
  1.2580000e+003  2.7633941e+000
  1.2600000e+003  2.7297164e+000
  1.2620000e+003  2.9265516e+000
  1.2640000e+003  2.8211451e+000
  1.2660000e+003  2.7668367e+000
  1.2680000e+003  2.7667347e+000
  1.2700000e+003  2.7030172e+000
  1.2720000e+003  2.6719238e+000
  1.2740000e+003  2.7003701e+000
  1.2760000e+003  2.5709045e+000
  1.2780000e+003  2.5300908e+000
  1.2800000e+003  2.4202191e+000
  1.2820000e+003  2.5111555e+000
  1.2840000e+003  2.7001656e+000
  1.2860000e+003  2.8308532e+000
  1.2880000e+003  3.1210604e+000
  1.2900000e+003  3.2132727e+000
  1.2920000e+003  3.0028003e+000
  1.2940000e+003  2.7979516e+000
  1.2960000e+003  3.0646199e+000
  1.2980000e+003  3.0055178e+000
  1.3000000e+003  2.9320954e+000
  1.3020000e+003  2.9155329e+000
  1.3040000e+003  2.8271554e+000
  1.3060000e+003  2.7550411e+000
  1.3080000e+003  2.6608949e+000
  1.3100000e+003  2.5095184e+000
  1.3120000e+003  2.5501437e+000
  1.3140000e+003  2.5678043e+000
  1.3160000e+003  2.4508512e+000
  1.3180000e+003  2.5907863e+000
  1.3200000e+003  2.8059635e+000
  1.3220000e+003  2.7990022e+000
  1.3240000e+003  2.8518740e+000
  1.3260000e+003  2.8581551e+000
  1.3280000e+003  2.9528147e+000
  1.3300000e+003  2.9194550e+000
  1.3320000e+003  2.8843518e+000
  1.3340000e+003  3.0466934e+000
  1.3360000e+003  3.0532093e+000
  1.3380000e+003  2.9578467e+000
  1.3400000e+003  3.0509210e+000
  1.3420000e+003  2.9252346e+000
  1.3440000e+003  2.7426591e+000
  1.3460000e+003  2.7165665e+000
  1.3480000e+003  2.5324284e+000
  1.3500000e+003  2.4460987e+000
  1.3520000e+003  2.3455642e+000
  1.3540000e+003  2.2719814e+000
  1.3560000e+003  2.3598604e+000
  1.3580000e+003  2.4111114e+000
  1.3600000e+003  2.4883629e+000
  1.3620000e+003  2.6570586e+000
  1.3640000e+003  2.8443160e+000
  1.3660000e+003  2.8478096e+000
  1.3680000e+003  3.0631782e+000
  1.3700000e+003  2.8999003e+000
  1.3720000e+003  3.1205173e+000
  1.3740000e+003  3.0657405e+000
  1.3760000e+003  2.9417722e+000
  1.3780000e+003  3.0573312e+000
  1.3800000e+003  2.9135557e+000
  1.3820000e+003  2.8249719e+000
  1.3840000e+003  2.6829242e+000
  1.3860000e+003  2.5821963e+000
  1.3880000e+003  2.4697320e+000
  1.3900000e+003  2.5915406e+000
  1.3920000e+003  2.4484228e+000
  1.3940000e+003  2.5614121e+000
  1.3960000e+003  2.4023920e+000
  1.3980000e+003  2.3545019e+000
  1.4000000e+003  2.4164129e+000
  1.4020000e+003  2.4883819e+000
  1.4040000e+003  2.5987716e+000
  1.4060000e+003  2.8310766e+000
  1.4080000e+003  2.8347011e+000
  1.4100000e+003  3.0644947e+000
  1.4120000e+003  3.2643327e+000
  1.4140000e+003  3.0765864e+000
  1.4160000e+003  2.8150466e+000
  1.4180000e+003  2.7019869e+000
  1.4200000e+003  2.8243717e+000
  1.4220000e+003  2.6894212e+000
  1.4240000e+003  2.5838203e+000
  1.4260000e+003  2.5786658e+000
  1.4280000e+003  2.4660057e+000
  1.4300000e+003  2.3795409e+000
  1.4320000e+003  2.2388060e+000
  1.4340000e+003  2.2413657e+000
  1.4360000e+003  2.0975435e+000
  1.4380000e+003  2.1022156e+000
  1.4400000e+003  2.1411386e+000
  1.4420000e+003  2.2015301e+000
  1.4440000e+003  2.1904988e+000
  1.4460000e+003  2.2184786e+000
  1.4480000e+003  2.2142143e+000
  1.4500000e+003  2.3536834e+000
  1.4520000e+003  2.6586838e+000
  1.4540000e+003  3.0578627e+000
  1.4560000e+003  3.1709320e+000
  1.4580000e+003  3.0981195e+000
  1.4600000e+003  2.9594115e+000
  1.4620000e+003  2.9312525e+000
  1.4640000e+003  3.0780134e+000
  1.4660000e+003  2.8548607e+000
  1.4680000e+003  2.7250120e+000
  1.4700000e+003  2.4757354e+000
  1.4720000e+003  2.3066227e+000
  1.4740000e+003  2.2399604e+000
  1.4760000e+003  2.1701318e+000
  1.4780000e+003  2.2822310e+000
  1.4800000e+003  2.2516408e+000
  1.4820000e+003  2.3000078e+000
  1.4840000e+003  2.4269108e+000
  1.4860000e+003  2.2840489e+000
  1.4880000e+003  2.2815543e+000
  1.4900000e+003  2.3677614e+000
  1.4920000e+003  2.6306442e+000
  1.4940000e+003  2.9069918e+000
  1.4960000e+003  3.2212191e+000
  1.4980000e+003  3.0989616e+000
  1.5000000e+003  3.0735752e+000
  1.5025000e+003  3.1524291e+000
  1.5050000e+003  3.0152780e+000
  1.5075000e+003  3.0083811e+000
  1.5100000e+003  2.8803270e+000
  1.5125000e+003  2.6005462e+000
  1.5150000e+003  2.5542805e+000
  1.5175000e+003  2.6464115e+000
  1.5200000e+003  2.5048380e+000
  1.5225000e+003  2.5279882e+000
  1.5250000e+003  2.5583336e+000
  1.5275000e+003  2.7530265e+000
  1.5300000e+003  2.8199095e+000
  1.5325000e+003  3.0599056e+000
  1.5350000e+003  3.2684185e+000
  1.5375000e+003  3.2122520e+000
  1.5400000e+003  3.2429612e+000
  1.5425000e+003  3.1582874e+000
  1.5450000e+003  2.9338262e+000
  1.5475000e+003  2.8264592e+000
  1.5500000e+003  2.6825951e+000
  1.5525000e+003  2.5388490e+000
  1.5550000e+003  2.5823891e+000
  1.5575000e+003  2.6483993e+000
  1.5600000e+003  2.6160789e+000
  1.5625000e+003  2.4373932e+000
  1.5650000e+003  2.4233997e+000
  1.5675000e+003  2.5914879e+000
  1.5700000e+003  2.7066743e+000
  1.5725000e+003  3.0342273e+000
  1.5750000e+003  3.0971635e+000
  1.5775000e+003  3.0430541e+000
  1.5800000e+003  2.8547299e+000
  1.5825000e+003  2.8544906e+000
  1.5850000e+003  2.6578774e+000
  1.5875000e+003  2.5218519e+000
  1.5900000e+003  2.5819438e+000
  1.5925000e+003  2.7183026e+000
  1.5950000e+003  2.5695266e+000
  1.5975000e+003  2.4673998e+000
  1.6000000e+003  2.3862709e+000
  1.6025000e+003  2.2323430e+000
  1.6050000e+003  2.4082112e+000
  1.6075000e+003  2.5204096e+000
  1.6100000e+003  2.5213600e+000
  1.6125000e+003  2.7445581e+000
  1.6150000e+003  2.6976732e+000
  1.6175000e+003  2.7613491e+000
  1.6200000e+003  2.5139119e+000
  1.6225000e+003  2.5418261e+000
  1.6250000e+003  2.6196077e+000
  1.6275000e+003  2.8745599e+000
  1.6300000e+003  2.4113530e+000
  1.6325000e+003  2.4309218e+000
  1.6350000e+003  2.4175523e+000
  1.6375000e+003  2.4598646e+000
  1.6400000e+003  2.5362474e+000
  1.6425000e+003  2.7405549e+000
  1.6450000e+003  2.9134384e+000
  1.6475000e+003  3.0279355e+000
  1.6500000e+003  3.0401934e+000
  1.6525000e+003  3.1111574e+000
  1.6550000e+003  3.1445615e+000
  1.6575000e+003  2.9734680e+000
  1.6600000e+003  2.9933701e+000
  1.6625000e+003  2.9393383e+000
  1.6650000e+003  2.9884242e+000
  1.6675000e+003  2.7691995e+000
  1.6700000e+003  2.7391071e+000
  1.6725000e+003  2.7235538e+000
  1.6750000e+003  2.4149499e+000
  1.6775000e+003  2.5840303e+000
  1.6800000e+003  2.5125311e+000
  1.6825000e+003  2.4315602e+000
  1.6850000e+003  2.4479532e+000
  1.6875000e+003  2.5995142e+000
  1.6900000e+003  2.5762228e+000
  1.6925000e+003  2.6104650e+000
  1.6950000e+003  2.6838860e+000
  1.6975000e+003  2.6347476e+000
  1.7000000e+003  2.9457776e+000
  1.7025000e+003  3.0112453e+000
  1.7050000e+003  2.9844198e+000
  1.7075000e+003  3.0284953e+000
  1.7100000e+003  2.7914556e+000
  1.7125000e+003  2.7175722e+000
  1.7150000e+003  2.6925902e+000
  1.7175000e+003  2.4330285e+000
  1.7200000e+003  2.3825249e+000
  1.7225000e+003  2.5793677e+000
  1.7250000e+003  2.6510846e+000
  1.7275000e+003  2.6567370e+000
  1.7300000e+003  2.6032577e+000
  1.7325000e+003  2.7163519e+000
  1.7350000e+003  2.4574870e+000
  1.7375000e+003  2.4599123e+000
  1.7400000e+003  2.5691395e+000
  1.7425000e+003  2.5516548e+000
  1.7450000e+003  2.9889679e+000
  1.7475000e+003  3.0673377e+000
  1.7500000e+003  3.0246488e+000
  1.7525000e+003  2.7057135e+000
  1.7550000e+003  2.6001270e+000
  1.7575000e+003  2.6876782e+000
  1.7600000e+003  2.3858484e+000
  1.7625000e+003  2.4885466e+000
  1.7650000e+003  2.3509049e+000
  1.7675000e+003  2.3760850e+000
  1.7700000e+003  2.3444731e+000
  1.7725000e+003  2.2437247e+000
  1.7750000e+003  2.3927123e+000
  1.7775000e+003  2.4319319e+000
  1.7800000e+003  2.5119011e+000
  1.7825000e+003  2.6598725e+000
  1.7850000e+003  2.6305256e+000
  1.7875000e+003  2.7053064e+000
  1.7900000e+003  2.8525648e+000
  1.7925000e+003  2.9177181e+000
  1.7950000e+003  2.9544859e+000
  1.7975000e+003  2.7471890e+000
  1.8000000e+003  2.8109442e+000
  1.8025000e+003  2.6615925e+000
  1.8050000e+003  2.5416573e+000
  1.8075000e+003  2.5196571e+000
  1.8100000e+003  2.3809573e+000
  1.8125000e+003  2.5407337e+000
  1.8150000e+003  2.4707031e+000
  1.8175000e+003  2.8447565e+000
  1.8200000e+003  2.6819839e+000
  1.8225000e+003  2.5850456e+000
  1.8250000e+003  2.5840510e+000
  1.8275000e+003  2.5058512e+000
  1.8300000e+003  2.2827417e+000
  1.8325000e+003  2.4881212e+000
  1.8350000e+003  2.5379234e+000
  1.8375000e+003  2.4329432e+000
  1.8400000e+003  2.4347466e+000
  1.8425000e+003  2.4261813e+000
  1.8450000e+003  2.4707373e+000
  1.8475000e+003  2.6563776e+000
  1.8500000e+003  2.4767855e+000
  1.8525000e+003  2.4709614e+000
  1.8550000e+003  2.4229170e+000
  1.8575000e+003  2.5038292e+000
  1.8600000e+003  2.7525289e+000
  1.8625000e+003  3.0462531e+000
  1.8650000e+003  3.0167619e+000
  1.8675000e+003  2.8298905e+000
  1.8700000e+003  2.8130508e+000
  1.8725000e+003  2.6945991e+000
  1.8750000e+003  2.7035112e+000
  1.8775000e+003  2.5864871e+000
  1.8800000e+003  2.6268810e+000
  1.8825000e+003  2.5547539e+000
  1.8850000e+003  2.6116131e+000
  1.8875000e+003  2.4517837e+000
  1.8900000e+003  2.5407795e+000
  1.8925000e+003  2.4748891e+000
  1.8950000e+003  2.6022899e+000
  1.8975000e+003  2.5468290e+000
  1.9000000e+003  2.8810556e+000
  1.9025000e+003  2.7880280e+000
  1.9050000e+003  2.8692544e+000
  1.9075000e+003  2.6859950e+000
  1.9100000e+003  2.6740705e+000
  1.9125000e+003  2.6691439e+000
  1.9150000e+003  2.5609896e+000
  1.9175000e+003  2.5026342e+000
  1.9200000e+003  2.5591616e+000
  1.9225000e+003  2.5145339e+000
  1.9250000e+003  2.3580165e+000
  1.9275000e+003  2.3365068e+000
  1.9300000e+003  2.3734108e+000
  1.9325000e+003  2.3139953e+000
  1.9350000e+003  2.3756058e+000
  1.9375000e+003  2.4376597e+000
  1.9400000e+003  2.3707352e+000
  1.9425000e+003  2.8792446e+000
  1.9450000e+003  2.8907936e+000
  1.9475000e+003  3.0312878e+000
  1.9500000e+003  2.9633944e+000
  1.9525000e+003  2.8841709e+000
  1.9550000e+003  2.7519742e+000
  1.9575000e+003  2.6264445e+000
  1.9600000e+003  2.7179862e+000
  1.9625000e+003  2.7611760e+000
  1.9650000e+003  2.6001173e+000
  1.9675000e+003  2.4714416e+000
  1.9700000e+003  2.6122226e+000
  1.9725000e+003  2.3562490e+000
  1.9750000e+003  2.4058851e+000
  1.9775000e+003  2.3062183e+000
  1.9800000e+003  2.1865060e+000
  1.9825000e+003  2.2411677e+000
  1.9850000e+003  2.2195643e+000
  1.9875000e+003  2.3776565e+000
  1.9900000e+003  2.5149446e+000
  1.9925000e+003  2.5355514e+000
  1.9950000e+003  2.4405689e+000
  1.9975000e+003  2.5505130e+000
  2.0000000e+003  2.7067213e+000
  2.0025000e+003  2.6668521e+000
  2.0050000e+003  2.7793234e+000
  2.0075000e+003  2.7482420e+000
  2.0100000e+003  2.4052990e+000
  2.0125000e+003  2.4930670e+000
  2.0150000e+003  2.6719469e+000
  2.0175000e+003  2.3968851e+000
  2.0200000e+003  2.4287102e+000
  2.0225000e+003  2.3230471e+000
  2.0250000e+003  2.0954557e+000
  2.0275000e+003  2.3030623e+000
  2.0300000e+003  2.2027014e+000
  2.0325000e+003  2.2190751e+000
  2.0350000e+003  2.4218772e+000
  2.0375000e+003  2.4901551e+000
  2.0400000e+003  2.5302207e+000
  2.0425000e+003  2.4815464e+000
  2.0450000e+003  2.7765269e+000
  2.0475000e+003  2.6374755e+000
  2.0500000e+003  2.5684328e+000
  2.0525000e+003  2.4776832e+000
  2.0550000e+003  2.4648411e+000
  2.0575000e+003  2.5821310e+000
  2.0600000e+003  2.5964416e+000
  2.0625000e+003  2.7402213e+000
  2.0650000e+003  3.0407662e+000
  2.0675000e+003  3.0352270e+000
  2.0700000e+003  3.0680783e+000
  2.0725000e+003  3.1437263e+000
  2.0750000e+003  3.0164143e+000
  2.0775000e+003  3.0122037e+000
  2.0800000e+003  2.8219906e+000
  2.0825000e+003  2.8533593e+000
  2.0850000e+003  2.7103475e+000
  2.0875000e+003  2.7423063e+000
  2.0900000e+003  2.5588457e+000
  2.0925000e+003  2.4901890e+000
  2.0950000e+003  2.3523575e+000
  2.0975000e+003  2.3180628e+000
  2.1000000e+003  2.2954171e+000
  2.1025000e+003  2.4107290e+000
  2.1050000e+003  2.5188143e+000
  2.1075000e+003  2.4923356e+000
  2.1100000e+003  2.3737620e+000
  2.1125000e+003  2.3625940e+000
  2.1150000e+003  2.3639645e+000
  2.1175000e+003  2.5811543e+000
  2.1200000e+003  2.5418435e+000
  2.1225000e+003  2.5370958e+000
  2.1250000e+003  2.3601269e+000
  2.1275000e+003  2.3315495e+000
  2.1300000e+003  2.1772535e+000
  2.1325000e+003  2.1468674e+000
  2.1350000e+003  2.1525524e+000
  2.1375000e+003  2.1957011e+000
  2.1400000e+003  2.0904243e+000
  2.1425000e+003  2.3038901e+000
  2.1450000e+003  2.4642856e+000
  2.1475000e+003  2.8635531e+000
  2.1500000e+003  3.0145931e+000
  2.1525000e+003  3.0814116e+000
  2.1550000e+003  3.0944186e+000
  2.1575000e+003  2.9633597e+000
  2.1600000e+003  3.0075092e+000
  2.1625000e+003  2.8000281e+000
  2.1650000e+003  2.7431840e+000
  2.1675000e+003  2.6298532e+000
  2.1700000e+003  2.5536246e+000
  2.1725000e+003  2.5296809e+000
  2.1750000e+003  2.4178078e+000
  2.1775000e+003  2.3562533e+000
  2.1800000e+003  2.2246014e+000
  2.1825000e+003  2.2674017e+000
  2.1850000e+003  2.2808599e+000
  2.1875000e+003  2.2400158e+000
  2.1900000e+003  2.4176747e+000
  2.1925000e+003  2.5394391e+000
  2.1950000e+003  2.6331471e+000
  2.1975000e+003  2.6922514e+000
  2.2000000e+003  2.7160277e+000
  2.2025000e+003  2.6886740e+000
  2.2050000e+003  2.6008529e+000
  2.2075000e+003  2.4584178e+000
  2.2100000e+003  2.4538636e+000
  2.2125000e+003  2.3215220e+000
  2.2150000e+003  2.4473046e+000
  2.2175000e+003  2.4695732e+000
  2.2200000e+003  2.4303679e+000
  2.2225000e+003  2.3484284e+000
  2.2250000e+003  2.2477197e+000
  2.2275000e+003  2.2752992e+000
  2.2300000e+003  2.3168580e+000
  2.2325000e+003  2.3473650e+000
  2.2350000e+003  2.4190905e+000
  2.2375000e+003  2.6608047e+000
  2.2400000e+003  2.8713868e+000
  2.2425000e+003  2.7335505e+000
  2.2450000e+003  2.6600115e+000
  2.2475000e+003  2.5848071e+000
  2.2500000e+003  2.4711891e+000
  2.2525000e+003  2.3092257e+000
  2.2550000e+003  2.2532279e+000
  2.2575000e+003  2.1813659e+000
  2.2600000e+003  2.0702445e+000
  2.2625000e+003  2.1600283e+000
  2.2650000e+003  2.3105522e+000
  2.2675000e+003  2.2271153e+000
  2.2700000e+003  2.3444262e+000
  2.2725000e+003  2.3608239e+000
  2.2750000e+003  2.7327619e+000
  2.2775000e+003  2.6605405e+000
  2.2800000e+003  2.6966323e+000
  2.2825000e+003  2.7673553e+000
  2.2850000e+003  2.6573243e+000
  2.2875000e+003  2.5513108e+000
  2.2900000e+003  2.5442253e+000
  2.2925000e+003  2.3183432e+000
  2.2950000e+003  2.3051350e+000
  2.2975000e+003  2.1341651e+000
  2.3000000e+003  2.1435815e+000
  2.3025000e+003  2.2158469e+000
  2.3050000e+003  2.2109063e+000
  2.3075000e+003  2.2864967e+000
  2.3100000e+003  2.4673185e+000
  2.3125000e+003  2.5625267e+000
  2.3150000e+003  2.5993708e+000
  2.3175000e+003  2.6080918e+000
  2.3200000e+003  2.6224673e+000
  2.3225000e+003  2.4575118e+000
  2.3250000e+003  2.3774177e+000
  2.3275000e+003  2.4984303e+000
  2.3300000e+003  2.5026654e+000
  2.3325000e+003  2.3780952e+000
  2.3350000e+003  2.2525073e+000
  2.3375000e+003  2.1493120e+000
  2.3400000e+003  2.0626561e+000
  2.3425000e+003  2.1932524e+000
  2.3450000e+003  2.2270289e+000
  2.3475000e+003  2.1077592e+000
  2.3500000e+003  2.4420831e+000
  2.3525000e+003  2.5824123e+000
  2.3550000e+003  2.6643502e+000
  2.3575000e+003  2.8222361e+000
  2.3600000e+003  2.7849335e+000
  2.3625000e+003  2.6232532e+000
  2.3650000e+003  2.7268748e+000
  2.3675000e+003  2.4889318e+000
  2.3700000e+003  2.5787338e+000
  2.3725000e+003  2.4888692e+000
  2.3750000e+003  2.2453965e+000
  2.3775000e+003  2.2414213e+000
  2.3800000e+003  2.2302673e+000
  2.3825000e+003  2.1034470e+000
  2.3850000e+003  2.1923382e+000
  2.3875000e+003  2.3417413e+000
  2.3900000e+003  2.3981416e+000
  2.3925000e+003  2.4557815e+000
  2.3950000e+003  2.2668188e+000
  2.3975000e+003  2.3153222e+000
  2.4000000e+003  2.3376505e+000
  2.4025000e+003  2.5262050e+000
  2.4050000e+003  2.5474491e+000
  2.4075000e+003  2.2735196e+000
  2.4100000e+003  2.1454850e+000
  2.4125000e+003  2.2345024e+000
  2.4150000e+003  2.2278085e+000
  2.4175000e+003  2.1915991e+000
  2.4200000e+003  2.2139343e+000
  2.4225000e+003  2.3949845e+000
  2.4250000e+003  2.3487205e+000
  2.4275000e+003  2.5212386e+000
  2.4300000e+003  2.7902223e+000
  2.4325000e+003  3.0259549e+000
  2.4350000e+003  2.9546539e+000
  2.4375000e+003  2.9974105e+000
  2.4400000e+003  2.8692891e+000
  2.4425000e+003  2.8553068e+000
  2.4450000e+003  2.8135776e+000
  2.4475000e+003  2.7691887e+000
  2.4500000e+003  2.5897328e+000
  2.4525000e+003  2.5466915e+000
  2.4550000e+003  2.3137774e+000
  2.4575000e+003  2.2456959e+000
  2.4600000e+003  2.2504650e+000
  2.4625000e+003  2.0663702e+000
  2.4650000e+003  2.1106689e+000
  2.4675000e+003  2.1670733e+000
  2.4700000e+003  2.1805791e+000
  2.4725000e+003  2.2901642e+000
  2.4750000e+003  2.4297557e+000
  2.4775000e+003  2.5562505e+000
  2.4800000e+003  2.5639544e+000
  2.4825000e+003  2.8236986e+000
  2.4850000e+003  2.8483231e+000
  2.4875000e+003  3.0176525e+000
  2.4900000e+003  2.6909262e+000
  2.4925000e+003  2.5111111e+000
  2.4950000e+003  2.4841276e+000
  2.4975000e+003  2.2909582e+000
  2.5000000e+003  2.0418830e+000
  2.5025000e+003  2.2070349e+000
  2.5050000e+003  2.3397779e+000
  2.5075000e+003  2.2751341e+000
  2.5100000e+003  2.5096972e+000
  2.5125000e+003  2.6214968e+000
  2.5150000e+003  2.7456114e+000
  2.5175000e+003  2.9778776e+000
  2.5200000e+003  2.9867532e+000
  2.5225000e+003  2.9242314e+000
  2.5250000e+003  2.9851708e+000
  2.5275000e+003  2.8929936e+000
  2.5300000e+003  2.7474242e+000
  2.5325000e+003  2.7860084e+000
  2.5350000e+003  2.5934495e+000
  2.5375000e+003  2.6000357e+000
  2.5400000e+003  2.4938674e+000
  2.5425000e+003  2.2129148e+000
  2.5450000e+003  2.1334345e+000
  2.5475000e+003  2.0422171e+000
  2.5500000e+003  2.0748887e+000
  2.5525000e+003  2.1381448e+000
  2.5550000e+003  2.2944952e+000
  2.5575000e+003  2.2471992e+000
  2.5600000e+003  2.2286739e+000
  2.5625000e+003  2.2429472e+000
  2.5650000e+003  2.4864221e+000
  2.5675000e+003  2.3898431e+000
  2.5700000e+003  2.3337439e+000
  2.5725000e+003  2.3309734e+000
  2.5750000e+003  2.2737833e+000
  2.5775000e+003  2.1768849e+000
  2.5800000e+003  2.0949544e+000
  2.5825000e+003  2.1202209e+000
  2.5850000e+003  2.0241953e+000
  2.5875000e+003  2.1289061e+000
  2.5900000e+003  2.2912413e+000
  2.5925000e+003  2.3088290e+000
  2.5950000e+003  2.3336338e+000
  2.5975000e+003  2.6036656e+000
  2.6000000e+003  2.7610457e+000
  2.6025000e+003  2.7201645e+000
  2.6050000e+003  2.6721950e+000
  2.6075000e+003  2.7065464e+000
  2.6100000e+003  2.4820092e+000
  2.6125000e+003  2.5033273e+000
  2.6150000e+003  2.3044080e+000
  2.6175000e+003  2.3116589e+000
  2.6200000e+003  2.1325816e+000
  2.6225000e+003  2.0957556e+000
  2.6250000e+003  2.1723372e+000
  2.6275000e+003  2.1228186e+000
  2.6300000e+003  2.0852563e+000
  2.6325000e+003  2.3039099e+000
  2.6350000e+003  2.3081979e+000
  2.6375000e+003  2.3430392e+000
  2.6400000e+003  2.5162562e+000
  2.6425000e+003  2.5819491e+000
  2.6450000e+003  2.7033088e+000
  2.6475000e+003  2.5461146e+000
  2.6500000e+003  2.3716903e+000
  2.6525000e+003  2.2672432e+000
  2.6550000e+003  2.2112388e+000
  2.6575000e+003  1.9956541e+000
  2.6600000e+003  2.0869964e+000
  2.6625000e+003  1.9131262e+000
  2.6650000e+003  2.1105968e+000
  2.6675000e+003  2.0976354e+000
  2.6700000e+003  2.0478129e+000
  2.6725000e+003  2.0566281e+000
  2.6750000e+003  2.0775776e+000
  2.6775000e+003  2.2243264e+000
  2.6800000e+003  2.2294147e+000
  2.6825000e+003  2.3981287e+000
  2.6850000e+003  2.5419691e+000
  2.6875000e+003  2.6129294e+000
  2.6900000e+003  2.4677219e+000
  2.6925000e+003  2.3917985e+000
  2.6950000e+003  2.4698074e+000
  2.6975000e+003  2.4266926e+000
  2.7000000e+003  2.4735655e+000
  2.7025000e+003  2.3382116e+000
  2.7050000e+003  2.6455301e+000
  2.7075000e+003  2.6150739e+000
  2.7100000e+003  2.5603746e+000
  2.7125000e+003  2.6164085e+000
  2.7150000e+003  2.7253695e+000
  2.7175000e+003  2.6558736e+000
  2.7200000e+003  2.6605837e+000
  2.7225000e+003  2.6275509e+000
  2.7250000e+003  2.5202457e+000
  2.7275000e+003  2.4695656e+000
  2.7300000e+003  2.3307033e+000
  2.7325000e+003  2.2461679e+000
  2.7350000e+003  2.1316790e+000
  2.7375000e+003  1.9835261e+000
  2.7400000e+003  2.0358822e+000
  2.7425000e+003  1.8969895e+000
  2.7450000e+003  2.0111212e+000
  2.7475000e+003  1.9472842e+000
  2.7500000e+003  1.9949548e+000
  2.7525000e+003  2.0698100e+000
  2.7550000e+003  2.0493916e+000
  2.7575000e+003  2.0215748e+000
  2.7600000e+003  2.1285311e+000
  2.7625000e+003  2.1015380e+000
  2.7650000e+003  2.0982373e+000
  2.7675000e+003  2.0142236e+000
  2.7700000e+003  1.9869907e+000
  2.7725000e+003  2.1395744e+000
  2.7750000e+003  2.1737932e+000
  2.7775000e+003  2.0855298e+000
  2.7800000e+003  2.0357496e+000
  2.7825000e+003  2.0180437e+000
  2.7850000e+003  2.0481526e+000
  2.7875000e+003  2.0992108e+000
  2.7900000e+003  2.0697803e+000
  2.7925000e+003  2.1231265e+000
  2.7950000e+003  2.2749262e+000
  2.7975000e+003  2.2562505e+000
  2.8000000e+003  2.3581218e+000
  2.8025000e+003  2.5956048e+000
  2.8050000e+003  2.6436490e+000
  2.8075000e+003  2.5863166e+000
  2.8100000e+003  2.5107716e+000
  2.8125000e+003  2.5200199e+000
  2.8150000e+003  2.4925713e+000
  2.8175000e+003  2.3118381e+000
  2.8200000e+003  2.2417879e+000
  2.8225000e+003  2.1153112e+000
  2.8250000e+003  2.0073503e+000
  2.8275000e+003  1.9753794e+000
  2.8300000e+003  2.0199044e+000
  2.8325000e+003  1.9676873e+000
  2.8350000e+003  2.0293326e+000
  2.8375000e+003  2.1277549e+000
  2.8400000e+003  2.1963816e+000
  2.8425000e+003  2.2798483e+000
  2.8450000e+003  2.2363299e+000
  2.8475000e+003  2.3604454e+000
  2.8500000e+003  2.2604599e+000
  2.8525000e+003  2.2832859e+000
  2.8550000e+003  2.2994254e+000
  2.8575000e+003  2.1910116e+000
  2.8600000e+003  2.0528255e+000
  2.8625000e+003  2.1078655e+000
  2.8650000e+003  2.2306253e+000
  2.8675000e+003  2.1687802e+000
  2.8700000e+003  2.1607425e+000
  2.8725000e+003  2.0885715e+000
  2.8750000e+003  2.0858338e+000
  2.8775000e+003  2.3315318e+000
  2.8800000e+003  2.3356910e+000
  2.8825000e+003  2.3124988e+000
  2.8850000e+003  2.3588588e+000
  2.8875000e+003  2.3230952e+000
  2.8900000e+003  2.3464004e+000
  2.8925000e+003  2.1996517e+000
  2.8950000e+003  2.1489315e+000
  2.8975000e+003  2.0024911e+000
  2.9000000e+003  2.0815800e+000
  2.9025000e+003  2.0746538e+000
  2.9050000e+003  2.1770169e+000
  2.9075000e+003  2.1392638e+000
  2.9100000e+003  2.1328297e+000
  2.9125000e+003  2.1603236e+000
  2.9150000e+003  2.3510043e+000
  2.9175000e+003  2.2668078e+000
  2.9200000e+003  2.3700590e+000
  2.9225000e+003  2.3594080e+000
  2.9250000e+003  2.3627777e+000
  2.9275000e+003  2.1862254e+000
  2.9300000e+003  2.2883991e+000
  2.9325000e+003  2.3733120e+000
  2.9350000e+003  2.1743283e+000
  2.9375000e+003  2.0379951e+000
  2.9400000e+003  1.9539158e+000
  2.9425000e+003  1.8112195e+000
  2.9450000e+003  1.8071019e+000
  2.9475000e+003  1.9208807e+000
  2.9500000e+003  1.7944960e+000
  2.9525000e+003  1.7769773e+000
  2.9550000e+003  2.0151320e+000
  2.9575000e+003  2.0889920e+000
  2.9600000e+003  1.9389292e+000
  2.9625000e+003  2.0445972e+000
  2.9650000e+003  2.0223691e+000
  2.9675000e+003  2.2114677e+000
  2.9700000e+003  2.1642545e+000
  2.9725000e+003  2.1875223e+000
  2.9750000e+003  2.3420688e+000
  2.9775000e+003  2.2869792e+000
  2.9800000e+003  2.3091793e+000
  2.9825000e+003  2.1244983e+000
  2.9850000e+003  1.9314431e+000
  2.9875000e+003  2.0106454e+000
  2.9900000e+003  2.0366583e+000
  2.9925000e+003  2.0678833e+000
  2.9950000e+003  2.0612429e+000
  2.9975000e+003  2.0819923e+000
  3.0000000e+003  2.2191878e+000
  3.0050000e+003  2.3013383e+000
  3.0100000e+003  2.3179376e+000
  3.0150000e+003  2.3751188e+000
  3.0200000e+003  2.3507821e+000
  3.0250000e+003  2.1807170e+000
  3.0300000e+003  1.9886472e+000
  3.0350000e+003  1.9501526e+000
  3.0400000e+003  2.0876883e+000
  3.0450000e+003  2.1721116e+000
  3.0500000e+003  2.1875257e+000
  3.0550000e+003  2.0021354e+000
  3.0600000e+003  1.8088356e+000
  3.0650000e+003  1.9068984e+000
  3.0700000e+003  1.9470466e+000
  3.0750000e+003  1.9621103e+000
  3.0800000e+003  1.9457402e+000
  3.0850000e+003  1.8033510e+000
  3.0900000e+003  2.0415958e+000
  3.0950000e+003  2.0424656e+000
  3.1000000e+003  1.9419102e+000
  3.1050000e+003  1.9223676e+000
  3.1100000e+003  1.9864357e+000
  3.1150000e+003  2.0828861e+000
  3.1200000e+003  2.1196898e+000
  3.1250000e+003  2.1968620e+000
  3.1300000e+003  2.2420625e+000
  3.1350000e+003  2.3122036e+000
  3.1400000e+003  2.2359954e+000
  3.1450000e+003  2.2069363e+000
  3.1500000e+003  2.0176144e+000
  3.1550000e+003  1.8098866e+000
  3.1600000e+003  1.8669072e+000
  3.1650000e+003  1.8996238e+000
  3.1700000e+003  2.0004683e+000
  3.1750000e+003  2.0543391e+000
  3.1800000e+003  2.0165070e+000
  3.1850000e+003  1.9386198e+000
  3.1900000e+003  1.8101450e+000
  3.1950000e+003  1.9494194e+000
  3.2000000e+003  1.8772684e+000
  3.2050000e+003  1.8611073e+000
  3.2100000e+003  1.8775964e+000
  3.2150000e+003  2.0606935e+000
  3.2200000e+003  1.9862616e+000
  3.2250000e+003  2.0656707e+000
  3.2300000e+003  1.9850926e+000
  3.2350000e+003  2.1019552e+000
  3.2400000e+003  1.8989163e+000
  3.2450000e+003  1.8981811e+000
  3.2500000e+003  1.8923153e+000
  3.2550000e+003  2.0259641e+000
  3.2600000e+003  2.0158495e+000
  3.2650000e+003  2.1758285e+000
  3.2700000e+003  2.1347709e+000
  3.2750000e+003  2.1945572e+000
  3.2800000e+003  2.1152834e+000
  3.2850000e+003  2.2585501e+000
  3.2900000e+003  2.5142089e+000
  3.2950000e+003  2.5998335e+000
  3.3000000e+003  2.5667401e+000
  3.3050000e+003  2.2790794e+000
  3.3100000e+003  2.2294698e+000
  3.3150000e+003  2.0825278e+000
  3.3200000e+003  1.9642143e+000
  3.3250000e+003  2.0649683e+000
  3.3300000e+003  2.0689160e+000
  3.3350000e+003  2.1098669e+000
  3.3400000e+003  2.2655027e+000
  3.3450000e+003  2.1672714e+000
  3.3500000e+003  2.0401859e+000
  3.3550000e+003  2.0798960e+000
  3.3600000e+003  2.0345210e+000
  3.3650000e+003  1.9691329e+000
  3.3700000e+003  2.0134513e+000
  3.3750000e+003  2.2057669e+000
  3.3800000e+003  2.2055803e+000
  3.3850000e+003  2.1061912e+000
  3.3900000e+003  2.0170370e+000
  3.3950000e+003  1.9387836e+000
  3.4000000e+003  1.9896365e+000
  3.4050000e+003  2.0030382e+000
  3.4100000e+003  1.9426489e+000
  3.4150000e+003  1.8450364e+000
  3.4200000e+003  1.9604424e+000
  3.4250000e+003  2.0570021e+000
  3.4300000e+003  1.9736667e+000
  3.4350000e+003  1.7581361e+000
  3.4400000e+003  1.7583242e+000
  3.4450000e+003  1.9048990e+000
  3.4500000e+003  1.9838495e+000
  3.4550000e+003  1.8935973e+000
  3.4600000e+003  1.9346941e+000
  3.4650000e+003  2.0869631e+000
  3.4700000e+003  1.9459910e+000
  3.4750000e+003  1.7801023e+000
  3.4800000e+003  1.7452715e+000
  3.4850000e+003  1.8602456e+000
  3.4900000e+003  1.8428845e+000
  3.4950000e+003  1.9180876e+000
  3.5000000e+003  1.7922994e+000
  3.5050000e+003  1.8129313e+000
  3.5100000e+003  1.8305883e+000
  3.5150000e+003  1.8975594e+000
  3.5200000e+003  1.9659487e+000
  3.5250000e+003  2.0410704e+000
  3.5300000e+003  1.9996644e+000
  3.5350000e+003  1.8652515e+000
  3.5400000e+003  1.7815599e+000
  3.5450000e+003  1.8656531e+000
  3.5500000e+003  1.9682735e+000
  3.5550000e+003  1.9815331e+000
  3.5600000e+003  1.9967421e+000
  3.5650000e+003  1.9149411e+000
  3.5700000e+003  1.7493019e+000
  3.5750000e+003  1.8017716e+000
  3.5800000e+003  2.0429443e+000
  3.5850000e+003  2.0161520e+000
  3.5900000e+003  2.0101678e+000
  3.5950000e+003  1.8479183e+000
  3.6000000e+003  1.8583331e+000
  3.6050000e+003  1.9517072e+000
  3.6100000e+003  1.7924667e+000
  3.6150000e+003  1.8966619e+000
  3.6200000e+003  2.0593431e+000
  3.6250000e+003  2.1872683e+000
  3.6300000e+003  2.2687370e+000
  3.6350000e+003  2.1477526e+000
  3.6400000e+003  1.9050003e+000
  3.6450000e+003  1.8435776e+000
  3.6500000e+003  1.8183600e+000
  3.6550000e+003  2.0016817e+000
  3.6600000e+003  2.0380652e+000
  3.6650000e+003  2.2622558e+000
  3.6700000e+003  2.3069350e+000
  3.6750000e+003  2.0727719e+000
  3.6800000e+003  1.9082411e+000
  3.6850000e+003  1.8390921e+000
  3.6900000e+003  1.7808308e+000
  3.6950000e+003  1.8759602e+000
  3.7000000e+003  1.9124967e+000
  3.7050000e+003  1.9611868e+000
  3.7100000e+003  2.1445838e+000
  3.7150000e+003  2.1538472e+000
  3.7200000e+003  1.8330369e+000
  3.7250000e+003  1.6912437e+000
  3.7300000e+003  1.8558312e+000
  3.7350000e+003  1.7927318e+000
  3.7400000e+003  1.8244687e+000
  3.7450000e+003  2.0594305e+000
  3.7500000e+003  1.9418767e+000
  3.7550000e+003  1.8370026e+000
  3.7600000e+003  1.7904393e+000
  3.7650000e+003  1.7473234e+000
  3.7700000e+003  1.9476806e+000
  3.7750000e+003  1.9368565e+000
  3.7800000e+003  1.9111152e+000
  3.7850000e+003  1.8326213e+000
  3.7900000e+003  1.9171481e+000
  3.7950000e+003  2.0703251e+000
  3.8000000e+003  1.8617195e+000
  3.8050000e+003  1.9623308e+000
  3.8100000e+003  1.9054534e+000
  3.8150000e+003  1.8627024e+000
  3.8200000e+003  1.8509891e+000
  3.8250000e+003  2.0843178e+000
  3.8300000e+003  2.1207410e+000
  3.8350000e+003  1.9126606e+000
  3.8400000e+003  1.7165911e+000
  3.8450000e+003  1.7357261e+000
  3.8500000e+003  1.7646167e+000
  3.8550000e+003  1.7528410e+000
  3.8600000e+003  1.7488449e+000
  3.8650000e+003  2.0282455e+000
  3.8700000e+003  2.0154082e+000
  3.8750000e+003  2.1067820e+000
  3.8800000e+003  1.8681802e+000
  3.8850000e+003  1.8137010e+000
  3.8900000e+003  1.7497589e+000
  3.8950000e+003  1.9177238e+000
  3.9000000e+003  1.7847660e+000
  3.9050000e+003  1.7835858e+000
  3.9100000e+003  1.7289791e+000
  3.9150000e+003  1.9276367e+000
  3.9200000e+003  1.9413771e+000
  3.9250000e+003  1.7660830e+000
  3.9300000e+003  1.7512576e+000
  3.9350000e+003  1.6913801e+000
  3.9400000e+003  1.8271942e+000
  3.9450000e+003  1.8959929e+000
  3.9500000e+003  1.8763785e+000
  3.9550000e+003  1.7617953e+000
  3.9600000e+003  1.7495946e+000
  3.9650000e+003  1.8013707e+000
  3.9700000e+003  1.8659870e+000
  3.9750000e+003  1.8676184e+000
  3.9800000e+003  1.9150550e+000
  3.9850000e+003  1.9181535e+000
  3.9900000e+003  2.1021777e+000
  3.9950000e+003  2.1562525e+000
  4.0000000e+003  2.0921269e+000
  4.0050000e+003  2.0218524e+000
  4.0100000e+003  1.8242473e+000
  4.0150000e+003  1.8091877e+000
  4.0200000e+003  1.9272781e+000
  4.0250000e+003  1.8782935e+000
  4.0300000e+003  1.9754870e+000
  4.0350000e+003  2.0288208e+000
  4.0400000e+003  2.0633852e+000
  4.0450000e+003  2.0249870e+000
  4.0500000e+003  1.9204120e+000
  4.0550000e+003  1.9173388e+000
  4.0600000e+003  1.9581210e+000
  4.0650000e+003  1.8716156e+000
  4.0700000e+003  1.9444227e+000
  4.0750000e+003  1.8838479e+000
  4.0800000e+003  1.8748763e+000
  4.0850000e+003  1.8919026e+000
  4.0900000e+003  1.9318761e+000
  4.0950000e+003  1.9341541e+000
  4.1000000e+003  1.7300896e+000
  4.1050000e+003  1.7426981e+000
  4.1100000e+003  1.7338872e+000
  4.1150000e+003  1.7744322e+000
  4.1200000e+003  1.8020338e+000
  4.1250000e+003  1.8564040e+000
  4.1300000e+003  1.6823725e+000
  4.1350000e+003  1.8366799e+000
  4.1400000e+003  1.7777739e+000
  4.1450000e+003  1.8376104e+000
  4.1500000e+003  1.9716222e+000
  4.1550000e+003  2.0241647e+000
  4.1600000e+003  1.9716461e+000
  4.1650000e+003  1.8601171e+000
  4.1700000e+003  1.9233406e+000
  4.1750000e+003  1.8539854e+000
  4.1800000e+003  1.7329891e+000
  4.1850000e+003  1.7153178e+000
  4.1900000e+003  1.8065955e+000
  4.1950000e+003  1.9007085e+000
  4.2000000e+003  1.9656391e+000
  4.2050000e+003  1.9021408e+000
  4.2100000e+003  1.8590495e+000
  4.2150000e+003  1.7061818e+000
  4.2200000e+003  1.8578707e+000
  4.2250000e+003  1.8441747e+000
  4.2300000e+003  1.7725196e+000
  4.2350000e+003  1.8912883e+000
  4.2400000e+003  1.8913329e+000
  4.2450000e+003  1.9242372e+000
  4.2500000e+003  1.8527878e+000
  4.2550000e+003  1.9569031e+000
  4.2600000e+003  1.8119531e+000
  4.2650000e+003  1.8183462e+000
  4.2700000e+003  1.7393573e+000
  4.2750000e+003  1.9209533e+000
  4.2800000e+003  1.7564655e+000
  4.2850000e+003  1.8076290e+000
  4.2900000e+003  1.8760720e+000
  4.2950000e+003  1.8895548e+000
  4.3000000e+003  1.8951350e+000
  4.3050000e+003  1.7360786e+000
  4.3100000e+003  1.7199960e+000
  4.3150000e+003  1.7145418e+000
  4.3200000e+003  1.7042618e+000
  4.3250000e+003  1.6873220e+000
  4.3300000e+003  1.8613249e+000
  4.3350000e+003  1.7134513e+000
  4.3400000e+003  1.5889004e+000
  4.3450000e+003  1.7321667e+000
  4.3500000e+003  1.7007134e+000
  4.3550000e+003  1.7486288e+000
  4.3600000e+003  1.8855313e+000
  4.3650000e+003  1.9342888e+000
  4.3700000e+003  1.8149889e+000
  4.3750000e+003  1.7543131e+000
  4.3800000e+003  1.8414389e+000
  4.3850000e+003  1.6173840e+000
  4.3900000e+003  1.6896103e+000
  4.3950000e+003  1.7964582e+000
  4.4000000e+003  1.8451406e+000
  4.4050000e+003  1.9437694e+000
  4.4100000e+003  1.8853625e+000
  4.4150000e+003  1.9874543e+000
  4.4200000e+003  1.8316899e+000
  4.4250000e+003  1.8008637e+000
  4.4300000e+003  1.7414967e+000
  4.4350000e+003  1.7776922e+000
  4.4400000e+003  1.7384089e+000
  4.4450000e+003  1.7633304e+000
  4.4500000e+003  1.8872477e+000
  4.4550000e+003  1.8091775e+000
  4.4600000e+003  1.7127006e+000
  4.4650000e+003  1.7084622e+000
  4.4700000e+003  1.7285536e+000
  4.4750000e+003  1.7203809e+000
  4.4800000e+003  1.8135778e+000
  4.4850000e+003  1.7772236e+000
  4.4900000e+003  1.9596946e+000
  4.4950000e+003  1.9611197e+000
  4.5000000e+003  1.9799802e+000
  4.5050000e+003  1.9260026e+000
  4.5100000e+003  1.7868209e+000
  4.5150000e+003  1.8518232e+000
  4.5200000e+003  1.6461583e+000
  4.5250000e+003  1.8719947e+000
  4.5300000e+003  1.9039186e+000
  4.5350000e+003  1.9535868e+000
  4.5400000e+003  1.7285251e+000
  4.5450000e+003  1.6723183e+000
  4.5500000e+003  1.7418374e+000
  4.5550000e+003  1.7626064e+000
  4.5600000e+003  1.8799966e+000
  4.5650000e+003  1.7909990e+000
  4.5700000e+003  1.8398635e+000
  4.5750000e+003  2.0237436e+000
  4.5800000e+003  1.9698964e+000
  4.5850000e+003  1.9620199e+000
  4.5900000e+003  1.8569938e+000
  4.5950000e+003  1.8631021e+000
  4.6000000e+003  1.8397935e+000
  4.6050000e+003  1.9462362e+000
  4.6100000e+003  2.0049131e+000
  4.6150000e+003  1.9108800e+000
  4.6200000e+003  1.9036708e+000
  4.6250000e+003  1.8702404e+000
  4.6300000e+003  1.8794820e+000
  4.6350000e+003  1.8088677e+000
  4.6400000e+003  1.8067389e+000
  4.6450000e+003  1.7948276e+000
  4.6500000e+003  1.9485276e+000
  4.6550000e+003  1.9859215e+000
  4.6600000e+003  1.7438013e+000
  4.6650000e+003  1.8329998e+000
  4.6700000e+003  1.7187391e+000
  4.6750000e+003  1.7801068e+000
  4.6800000e+003  1.7212947e+000
  4.6850000e+003  1.9158939e+000
  4.6900000e+003  2.0330018e+000
  4.6950000e+003  1.9425831e+000
  4.7000000e+003  1.9866756e+000
  4.7050000e+003  1.8272971e+000
  4.7100000e+003  1.7832107e+000
  4.7150000e+003  1.8941750e+000
  4.7200000e+003  1.8053835e+000
  4.7250000e+003  1.9917804e+000
  4.7300000e+003  1.9991516e+000
  4.7350000e+003  1.9502809e+000
  4.7400000e+003  1.7659235e+000
  4.7450000e+003  1.8231013e+000
  4.7500000e+003  1.8989482e+000
  4.7550000e+003  1.7194963e+000
  4.7600000e+003  1.7815813e+000
  4.7650000e+003  1.8587512e+000
  4.7700000e+003  2.0626918e+000
  4.7750000e+003  2.0276147e+000
  4.7800000e+003  1.8631578e+000
  4.7850000e+003  1.8452306e+000
  4.7900000e+003  1.7870254e+000
  4.7950000e+003  1.8170877e+000
  4.8000000e+003  1.8535598e+000
  4.8050000e+003  1.8543023e+000
  4.8100000e+003  2.0086420e+000
  4.8150000e+003  2.0131381e+000
  4.8200000e+003  1.8932141e+000
  4.8250000e+003  1.6904873e+000
  4.8300000e+003  1.7114313e+000
  4.8350000e+003  1.8157097e+000
  4.8400000e+003  1.8985997e+000
  4.8450000e+003  2.0969383e+000
  4.8500000e+003  2.1645526e+000
  4.8550000e+003  1.9397131e+000
  4.8600000e+003  1.9227954e+000
  4.8650000e+003  1.8377059e+000
  4.8700000e+003  1.7356189e+000
  4.8750000e+003  1.7212092e+000
  4.8800000e+003  1.7692015e+000
  4.8850000e+003  2.0367242e+000
  4.8900000e+003  2.1283873e+000
  4.8950000e+003  2.1589054e+000
  4.9000000e+003  2.0129981e+000
  4.9050000e+003  1.8891338e+000
  4.9100000e+003  1.7142102e+000
  4.9150000e+003  1.7113283e+000
  4.9200000e+003  1.8186173e+000
  4.9250000e+003  1.6309827e+000
  4.9300000e+003  1.7729894e+000
  4.9350000e+003  1.8922303e+000
  4.9400000e+003  1.9300694e+000
  4.9450000e+003  1.8862991e+000
  4.9500000e+003  1.9066247e+000
  4.9550000e+003  1.6992513e+000
  4.9600000e+003  1.7189969e+000
  4.9650000e+003  1.7677573e+000
  4.9700000e+003  1.7882274e+000
  4.9750000e+003  1.8045703e+000
  4.9800000e+003  2.0260118e+000
  4.9850000e+003  1.8094453e+000
  4.9900000e+003  1.6012109e+000
  4.9950000e+003  1.7068990e+000
  5.0000000e+003  1.6543357e+000
  5.0050000e+003  1.8112491e+000
  5.0100000e+003  1.8028904e+000
  5.0150000e+003  1.7270904e+000
  5.0200000e+003  1.6005561e+000
  5.0250000e+003  1.6020037e+000
  5.0300000e+003  1.6304332e+000
  5.0350000e+003  1.6504921e+000
  5.0400000e+003  1.9178670e+000
  5.0450000e+003  2.0343440e+000
  5.0500000e+003  1.8998718e+000
  5.0550000e+003  1.9185153e+000
  5.0600000e+003  1.7083423e+000
  5.0650000e+003  1.7566177e+000
  5.0700000e+003  1.7880311e+000
  5.0750000e+003  1.5475361e+000
  5.0800000e+003  1.6360421e+000
  5.0850000e+003  1.6680305e+000
  5.0900000e+003  1.5200900e+000
  5.0950000e+003  1.7433080e+000
  5.1000000e+003  1.8625346e+000
  5.1050000e+003  1.9040161e+000
  5.1100000e+003  1.7766837e+000
  5.1150000e+003  1.7237181e+000
  5.1200000e+003  1.6567010e+000
  5.1250000e+003  1.5800985e+000
  5.1300000e+003  1.5380403e+000
  5.1350000e+003  1.5130442e+000
  5.1400000e+003  1.8025626e+000
  5.1450000e+003  1.7573730e+000
  5.1500000e+003  1.7518740e+000
  5.1550000e+003  1.7714394e+000
  5.1600000e+003  1.6750381e+000
  5.1650000e+003  1.8058271e+000
  5.1700000e+003  1.8810131e+000
  5.1750000e+003  2.0700185e+000
  5.1800000e+003  1.9685005e+000
  5.1850000e+003  1.8800104e+000
  5.1900000e+003  1.8584311e+000
  5.1950000e+003  1.6840647e+000
  5.2000000e+003  1.7194528e+000
  5.2050000e+003  1.8600267e+000
  5.2100000e+003  1.8202512e+000
  5.2150000e+003  1.7263825e+000
  5.2200000e+003  1.7006948e+000
  5.2250000e+003  1.7930299e+000
  5.2300000e+003  1.8353299e+000
  5.2350000e+003  1.6288975e+000
  5.2400000e+003  1.7844382e+000
  5.2450000e+003  1.8334352e+000
  5.2500000e+003  1.9159808e+000
  5.2550000e+003  1.9483737e+000
  5.2600000e+003  1.8684672e+000
  5.2650000e+003  1.8357480e+000
  5.2700000e+003  1.6624159e+000
  5.2750000e+003  1.7544619e+000
  5.2800000e+003  1.7477061e+000
  5.2850000e+003  1.6631280e+000
  5.2900000e+003  1.7775248e+000
  5.2950000e+003  1.8332042e+000
  5.3000000e+003  1.7676371e+000
  5.3050000e+003  1.6541528e+000
  5.3100000e+003  1.6504087e+000
  5.3150000e+003  1.7018764e+000
  5.3200000e+003  1.7650486e+000
  5.3250000e+003  1.5510408e+000
